CV_CCT|CV_TURNO|TURNO|NOMBRECT|CV_ENT_ADMINISTRATIVA|ENT_ADMINISTRATIVA|CV_ENT_INMUEBLE|ENTIDAD_INMUEBLE|CV_MUN|C_NOM_MUN|CV_LOC|C_NOM_LOC|C_NOM_VIALIDAD|N_EXTNUM|CONTROL|SUBCONTROL|CV_SERVICION1|TIPO|CV_SERVICION2|NIVEL|CV_SERVICION3|SUBNIVEL|CV_CARACTERIZAN1|C_CARACTERIZAN1|CV_CARACTERIZAN2|C_CARACTERIZAN2|ZONA|JEFSEC|SERVREG|CV_ESTATUS_CAPTURA|V1|V2|V3|V4|V5|V6|V7|V8|V9|V10|V11|V12|V13|V14|V15|V16|V17|V18|V19|V20|V21|V22|V23|V24|V25|V26|V27|V28|V29|V30|V31|V32|V33|V34|V35|V36|V37|V38|V39|V40|V41|V42|V43|V44|V45|V46|V47|V48|V49|V50|V51|V52|V53|V54|V55|V56|V57|V58|V59|V60|V61|V62|V134|V135|V64|V65|V66|V67|V68|V69|V70|V71|V72|V73|V74|V75|V76|V77|V78|V79|V80|V81|V82|V83|V84|V85|V86|V87|V88|V89|V90|V91|V92|V93|V94|V95|V96|V97|V98|V99|V100|V101|V102|V103|V104|V105|V106|V107|V108|V109|V110|V111|V112|V113|V114|V115|V116|V117|V118|V119|V120|V121|V122|V136|V137|V124|V125|V126|V140|V141|V142|V127|V128|V129|V130|V131|V132|E133|V138|V139|FECHA_ENTREGA|C_OBSERVACION|
06FIC0001C|4|DISCONTINUO|CALERAS EDUCACIÓN INICIAL|06|COLIMA|06|COLIMA|009|TECOMÁN|0017|CALERAS|CALLE INDEPENDENCIA|0|PÚBLICO|FEDERAL|0||0||0||0||0|||||0|0|0|0|0|0|0|0|0|0|0|1|0|1|0|0|0|0|0|0|0|0|2|2|0|0|0|0|0|0|0|1|0|1|0|0|0|0|0|0|0|1|0|1|0|0|0|0|0|0|0|3|2|5|0|0|0|0|0|0|0|0|4|0|1|0|0|0|1|0|1|0|2|2|1|0|1|0|0|0|2|2|4|0|0|0|0|0|0|0|0|0|0|0|0|0|0|0|0|0|0|0|0|0|0|0|0|0|0|0|0|0|0|0|0|0|0|0|0|0|0|0|0|4|0|0|0|1|1|0|0|0|0|0|0|0|0|1|NO ESPECIFICADO|0|1|10/12/2025||
06FIC0002B|4|DISCONTINUO|COFRADIA DE MORELOS EDUCACIÓN INICIAL|06|COLIMA|06|COLIMA|009|TECOMÁN|0028|COFRADÍA DE MORELOS|CALLE MORELOS|0|PÚBLICO|FEDERAL|0||0||0||0||0|||||0|0|0|0|0|0|0|0|0|0|0|2|0|2|0|0|0|0|0|0|0|1|3|4|0|0|0|0|0|0|0|0|2|2|0|0|0|0|0|0|0|1|2|3|0|0|0|0|0|0|0|4|7|11|0|0|0|0|0|0|0|0|10|0|1|0|0|0|0|0|0|3|2|5|2|1|3|0|0|0|5|3|8|0|0|0|0|0|0|0|0|0|0|0|0|0|0|0|0|0|0|0|0|0|0|0|0|0|0|0|0|0|0|0|0|0|0|0|0|0|0|0|1|6|0|1|0|1|1|0|0|0|0|0|0|0|0|1|NO ESPECIFICADO|0|1|10/12/2025||
06FIC0003A|4|DISCONTINUO|COFRADÍA DE SUCHITLÁN EDUCACIÓN INICIAL|06|COLIMA|06|COLIMA|003|COMALA|0011|COFRADÍA DE SUCHITLÁN|CALLE EMILIANO ZAPATA|0|PÚBLICO|FEDERAL|0||0||0||0||0|||||0|0|0|0|0|0|0|0|0|0|0|0|0|0|0|0|0|0|0|0|0|2|2|4|0|0|0|0|0|0|0|4|3|7|0|0|1|0|0|0|0|0|2|2|0|0|0|0|0|0|0|6|7|13|0|0|1|0|0|0|0|0|13|0|0|0|0|0|0|0|0|2|2|4|1|3|4|0|0|0|3|5|8|0|0|0|0|0|0|0|0|0|0|0|0|0|0|0|0|0|0|0|0|0|0|0|0|0|0|0|0|0|0|0|0|0|0|0|0|0|0|0|0|8|0|0|0|1|1|0|0|0|0|0|0|0|0|1|NO ESPECIFICADO|0|1|10/12/2025||
06FIC0004Z|4|DISCONTINUO|EL PLAN DEL ZAPOTE EDUCACIÓN INICIAL|06|COLIMA|06|COLIMA|006|IXTLAHUACÁN|0122|EL PLAN DEL ZAPOTE|NINGUNO NINGUNO|0|PÚBLICO|FEDERAL|0||0||0||0||0|||||7|0|0|0|0|0|0|0|0|0|0|0|0|0|0|0|0|0|0|0|0|0|0|0|0|0|0|0|0|0|0|0|0|0|0|0|0|0|0|0|0|0|0|0|0|0|0|0|0|0|0|0|0|0|0|0|0|0|0|0|0|0|0|0|0|0|0|0|0|0|0|0|0|0|0|0|0|0|0|0|0|0|0|0|0|0|0|0|0|0|0|0|0|0|0|0|0|0|0|0|0|0|0|0|0|0|0|0|0|0|0|0|0|0|0|0|0|0|0|0|0|0|0|0|0|0|0|0|0|0|0|0|0|0|0|0|0|0||0|0|19/12/2025||
06FIC0005Z|4|DISCONTINUO|EL CHICAL EDUCACIÓN INICIAL|06|COLIMA|06|COLIMA|004|COQUIMATLÁN|0010|EL CHICAL|NINGUNO NINGUNO|0|PÚBLICO|FEDERAL|0||0||0||0||0|||||0|0|0|0|0|0|0|0|0|0|0|2|1|3|0|0|0|0|0|0|0|1|0|1|0|0|0|0|0|0|0|1|0|1|0|0|0|0|0|0|0|1|0|1|0|0|0|0|0|0|0|5|1|6|0|0|0|0|0|0|0|0|6|0|0|1|1|2|1|0|1|6|0|6|1|0|1|0|0|0|9|1|10|0|0|0|0|0|0|0|0|0|0|0|0|0|0|0|0|0|0|0|0|0|0|0|0|0|0|0|0|0|0|0|0|0|0|0|0|0|0|0|0|10|0|0|0|1|1|0|0|0|0|0|0|0|0|1|NO ESPECIFICADO|0|1|10/12/2025||
06FIC0006Y|4|DISCONTINUO|ESTAPILLA EDUCACIÓN INICIAL|06|COLIMA|06|COLIMA|002|COLIMA|0074|ESTAPILLA|NINGUNO NINGUNO|0|PÚBLICO|FEDERAL|0||0||0||0||0|||||0|0|0|0|0|0|0|0|0|0|0|0|2|2|0|0|0|0|0|0|0|1|0|1|0|0|0|0|0|0|0|2|0|2|0|0|0|0|0|0|0|0|0|0|0|0|0|0|0|0|0|3|2|5|0|0|0|0|0|0|0|1|4|0|0|0|0|0|1|2|3|2|1|3|0|0|0|0|0|0|3|3|6|0|0|0|0|0|0|0|0|0|0|0|0|0|0|0|0|0|0|0|0|0|0|0|0|0|0|0|0|0|0|0|0|0|0|0|0|0|0|0|1|4|0|1|0|1|1|0|0|0|0|0|0|0|0|1|NO ESPECIFICADO|0|1|10/12/2025||
06FIC0007X|4|DISCONTINUO|COFRADIA DE MORELOS EDUCACIÓN INICIAL, GRUPO 2|06|COLIMA|06|COLIMA|009|TECOMÁN|0028|COFRADÍA DE MORELOS|CALLE MORELOS|0|PÚBLICO|FEDERAL|0||0||0||0||0|||||0|0|0|0|0|0|0|0|0|0|0|0|0|0|0|0|0|0|0|0|0|2|0|2|0|0|0|0|0|0|0|3|2|5|0|0|0|0|0|0|0|1|2|3|0|0|0|0|0|0|0|6|4|10|0|0|0|0|0|0|0|0|10|0|0|0|0|0|2|2|4|1|1|2|1|0|1|0|0|0|4|3|7|0|0|0|0|0|0|0|0|0|0|0|0|0|0|0|0|0|0|0|0|0|0|0|0|0|0|0|0|0|0|0|0|0|0|0|0|0|0|0|0|7|0|0|0|1|1|0|0|0|0|0|0|0|0|1|NO ESPECIFICADO|0|1|10/12/2025||
06FIC0008W|4|DISCONTINUO|COFRADÍA DE SUCHITLÁN EDUCACIÓN INICIAL, GRUPO 2|06|COLIMA|06|COLIMA|003|COMALA|0011|COFRADÍA DE SUCHITLÁN|CALLE EMILIANO ZAPATA|0|PÚBLICO|FEDERAL|0||0||0||0||0|||||0|0|0|0|0|0|0|0|0|0|0|1|0|1|0|0|0|0|0|0|0|0|0|0|0|0|0|0|0|0|0|1|0|1|0|0|0|0|0|0|0|3|0|3|0|0|0|0|0|0|0|5|0|5|0|0|0|0|0|0|0|0|5|0|0|1|0|1|3|0|3|2|2|4|0|0|0|0|0|0|6|2|8|0|0|0|0|0|0|0|0|0|0|0|0|0|0|0|0|0|0|0|0|0|0|0|0|0|0|0|0|0|0|0|0|0|0|0|0|0|0|0|0|8|0|0|0|1|1|0|0|0|0|0|0|0|0|1|NO ESPECIFICADO|0|1|10/12/2025||
06FIC0009V|4|DISCONTINUO|JALA EDUCACIÓN INICIAL|06|COLIMA|06|COLIMA|004|COQUIMATLÁN|0014|JALA|NINGUNO NINGUNO|0|PÚBLICO|FEDERAL|0||0||0||0||0|||||0|0|1|1|0|0|0|0|0|0|0|0|1|1|0|0|0|0|0|0|0|0|1|1|0|0|0|0|0|0|0|1|1|2|0|0|0|0|0|0|0|0|0|0|0|0|0|0|0|0|0|1|4|5|0|0|0|0|0|0|0|0|5|0|0|1|0|1|1|2|3|0|2|2|1|1|2|0|0|0|3|5|8|0|0|0|0|0|0|0|0|0|0|0|0|0|0|0|0|0|0|0|0|0|0|0|0|0|0|0|0|0|0|0|0|0|0|0|0|0|0|0|0|8|0|0|0|1|1|0|0|0|0|0|0|0|0|1|NO ESPECIFICADO|0|1|10/12/2025||
06FIC0010K|4|DISCONTINUO|LA CAJA EDUCACIÓN INICIAL|06|COLIMA|06|COLIMA|003|COMALA|0007|LA CAJA|NINGUNO NINGUNO|0|PÚBLICO|FEDERAL|0||0||0||0||0|||||0|0|0|0|0|0|0|0|0|0|0|1|0|1|0|0|0|0|0|0|0|1|0|1|0|0|0|0|0|0|0|1|1|2|0|0|0|0|0|0|0|0|0|0|0|0|0|0|0|0|0|3|1|4|0|0|0|0|0|0|0|0|4|0|0|0|0|0|2|1|3|2|2|4|1|0|1|0|0|0|5|3|8|0|0|0|0|0|0|0|0|0|0|0|0|0|0|0|0|0|0|0|0|0|0|0|0|0|0|0|0|0|0|0|0|0|0|0|0|0|0|0|0|8|0|0|0|1|1|0|0|0|0|0|0|0|0|1|NO ESPECIFICADO|0|1|10/12/2025||
06FIC0011J|4|DISCONTINUO|LA ESPERANZA EDUCACIÓN INICIAL|06|COLIMA|06|COLIMA|004|COQUIMATLÁN|0013|LA ESPERANZA|CALLE CRISTÓBAL COLÓN|0|PÚBLICO|FEDERAL|0||0||0||0||0|||||0|0|0|0|0|0|0|0|0|0|0|1|0|1|0|0|0|0|0|0|0|2|3|5|0|0|0|0|0|0|0|0|2|2|0|0|0|0|0|0|0|1|0|1|0|0|0|0|0|0|0|4|5|9|0|0|0|0|0|0|0|0|9|0|0|1|1|2|3|0|3|2|4|6|0|2|2|0|0|0|6|7|13|0|0|0|0|0|0|0|0|0|0|0|0|0|0|0|0|0|0|0|0|0|0|0|0|0|0|0|0|0|0|0|0|0|0|0|0|0|0|0|0|13|0|0|0|1|1|0|0|0|0|0|0|0|0|1|NO ESPECIFICADO|0|1|10/12/2025||
06FIC0012I|4|DISCONTINUO|LA PRESA EDUCACIÓN INICIAL|06|COLIMA|06|COLIMA|006|IXTLAHUACÁN|0030|LA PRESA (BARRANCA DEL REBOZO)|NINGUNO NINGUNO|0|PÚBLICO|FEDERAL|0||0||0||0||0|||||0|0|0|0|0|0|0|0|0|0|0|1|0|1|0|0|0|0|0|0|0|0|1|1|0|0|0|0|0|0|0|0|3|3|0|0|0|0|0|0|0|0|1|1|0|0|0|0|0|0|0|1|5|6|0|0|0|0|0|0|0|0|6|0|0|0|0|0|2|1|3|0|1|1|0|4|4|0|0|0|2|6|8|0|0|0|0|0|0|0|0|0|0|0|0|0|0|0|0|0|0|0|0|0|0|0|0|0|0|0|0|0|0|0|0|0|0|0|0|0|0|0|1|7|0|0|0|1|1|0|0|0|0|0|0|0|0|1|NO ESPECIFICADO|0|1|10/12/2025||
06FIC0013H|4|DISCONTINUO|LAS CONCHAS EDUCACIÓN INICIAL|06|COLIMA|06|COLIMA|006|IXTLAHUACÁN|0014|LAS CONCHAS|CALLE CARRETERA IXTLAHUACAN-LAS CONCHAS|0|PÚBLICO|FEDERAL|0||0||0||0||0|||||7|0|0|0|0|0|0|0|0|0|0|0|0|0|0|0|0|0|0|0|0|0|0|0|0|0|0|0|0|0|0|0|0|0|0|0|0|0|0|0|0|0|0|0|0|0|0|0|0|0|0|0|0|0|0|0|0|0|0|0|0|0|0|0|0|0|0|0|0|0|0|0|0|0|0|0|0|0|0|0|0|0|0|0|0|0|0|0|0|0|0|0|0|0|0|0|0|0|0|0|0|0|0|0|0|0|0|0|0|0|0|0|0|0|0|0|0|0|0|0|0|0|0|0|0|0|0|0|0|0|0|0|0|0|0|0|0|0||0|0|19/12/2025||
06FIC0014G|4|DISCONTINUO|LAS GUÁSIMAS EDUCACIÓN INICIAL|06|COLIMA|06|COLIMA|002|COLIMA|0077|LAS GUÁSIMAS (LAS BORREGAS)|NINGUNO NINGUNO|0|PÚBLICO|FEDERAL|0||0||0||0||0|||||0|0|1|1|0|0|0|0|0|0|0|1|2|3|0|0|0|0|0|0|0|2|0|2|0|0|0|0|0|0|0|2|0|2|0|0|0|0|0|0|0|0|0|0|0|0|0|0|0|0|0|5|3|8|0|0|0|0|0|0|0|0|8|0|0|0|1|1|3|2|5|2|0|2|1|0|1|0|0|0|6|3|9|0|0|0|0|0|0|0|0|0|0|0|0|0|0|0|0|0|0|0|0|0|0|0|0|0|0|0|0|0|0|0|0|0|0|0|0|0|0|0|0|8|0|1|0|1|1|0|0|0|0|0|0|0|0|1|NO ESPECIFICADO|0|1|10/12/2025||
06FIC0015F|4|DISCONTINUO|LOS ASMOLES EDUCACIÓN INICIAL|06|COLIMA|06|COLIMA|002|COLIMA|0054|LOS ASMOLES|CALLE VENUSTIANO CARRANZA|0|PÚBLICO|FEDERAL|0||0||0||0||0|||||0|0|0|0|0|0|0|0|0|0|0|1|2|3|0|0|0|0|0|0|0|0|1|1|0|0|0|0|0|0|0|0|2|2|0|0|0|0|0|0|0|1|0|1|0|0|0|0|0|0|0|2|5|7|0|0|0|0|0|0|0|0|7|0|0|0|0|0|1|1|2|0|3|3|1|1|2|0|0|0|2|5|7|0|0|0|0|0|0|0|0|0|0|0|0|0|0|0|0|0|0|0|0|0|0|0|0|0|0|0|0|0|0|0|0|0|0|0|0|0|0|0|0|7|0|0|0|1|1|0|0|0|0|0|0|0|0|1|NO ESPECIFICADO|0|1|10/12/2025||
06FIC0016E|4|DISCONTINUO|PUEBLO JUÁREZ EDUCACIÓN INICIAL GRUPO 2|06|COLIMA|06|COLIMA|004|COQUIMATLÁN|0015|PUEBLO JUÁREZ (LA MAGDALENA)|CALLE VALENTÍN GÓMEZ FARÍAS|0|PÚBLICO|FEDERAL|0||0||0||0||0|||||0|0|0|0|0|0|0|0|0|0|0|1|0|1|0|0|0|0|0|0|0|2|0|2|0|0|0|0|0|0|0|3|1|4|0|0|0|0|0|0|0|0|0|0|0|0|0|0|0|0|0|6|1|7|0|0|0|0|0|0|0|0|7|0|0|0|1|1|3|2|5|2|0|2|2|0|2|0|0|0|7|3|10|0|0|0|0|0|0|0|0|0|0|0|0|0|0|0|0|0|0|0|0|0|0|0|0|0|0|0|0|0|0|0|0|0|0|0|0|0|0|0|0|10|0|0|0|1|1|0|0|0|0|0|0|0|0|1|NO ESPECIFICADO|0|1|10/12/2025||
06FIC0017D|4|DISCONTINUO|PUEBLO JUÁREZ EDUCACIÓN INICIAL|06|COLIMA|06|COLIMA|004|COQUIMATLÁN|0015|PUEBLO JUÁREZ (LA MAGDALENA)|CALLE VALENTÍN GÓMEZ FARÍAS|0|PÚBLICO|FEDERAL|0||0||0||0||0|||||7|0|0|0|0|0|0|0|0|0|0|0|0|0|0|0|0|0|0|0|0|0|0|0|0|0|0|0|0|0|0|0|0|0|0|0|0|0|0|0|0|0|0|0|0|0|0|0|0|0|0|0|0|0|0|0|0|0|0|0|0|0|0|0|0|0|0|0|0|0|0|0|0|0|0|0|0|0|0|0|0|0|0|0|0|0|0|0|0|0|0|0|0|0|0|0|0|0|0|0|0|0|0|0|0|0|0|0|0|0|0|0|0|0|0|0|0|0|0|0|0|0|0|0|0|0|0|0|0|0|0|0|0|0|0|0|0|0||0|0|19/12/2025||
06FIC0018C|4|DISCONTINUO|TECOLAPA EDUCACIÓN INICIAL|06|COLIMA|06|COLIMA|009|TECOMÁN|0147|TECOLAPA|CALLE LINO REYES|0|PÚBLICO|FEDERAL|0||0||0||0||0|||||0|0|0|0|0|0|0|0|0|0|0|1|0|1|0|0|0|0|0|0|0|1|1|2|0|0|0|0|0|0|0|1|0|1|0|0|0|0|0|0|0|0|0|0|0|0|0|0|0|0|0|3|1|4|0|0|0|0|0|0|0|0|4|0|0|1|0|1|1|0|1|1|0|1|1|1|2|0|0|0|4|1|5|0|0|0|0|0|0|0|0|0|0|0|0|0|0|0|0|0|0|0|0|0|0|0|0|0|0|0|0|0|0|0|0|0|0|0|0|0|0|0|1|4|0|0|0|1|1|0|0|0|0|0|0|0|0|1|NO ESPECIFICADO|0|1|10/12/2025||
06FIC0019B|4|DISCONTINUO|ZACUALPAN EDUCACIÓN INICIAL|06|COLIMA|06|COLIMA|003|COMALA|0037|ZACUALPAN|CALLE PRIMAVERA|75|PÚBLICO|FEDERAL|0||0||0||0||0|||||7|0|0|0|0|0|0|0|0|0|0|0|0|0|0|0|0|0|0|0|0|0|0|0|0|0|0|0|0|0|0|0|0|0|0|0|0|0|0|0|0|0|0|0|0|0|0|0|0|0|0|0|0|0|0|0|0|0|0|0|0|0|0|0|0|0|0|0|0|0|0|0|0|0|0|0|0|0|0|0|0|0|0|0|0|0|0|0|0|0|0|0|0|0|0|0|0|0|0|0|0|0|0|0|0|0|0|0|0|0|0|0|0|0|0|0|0|0|0|0|0|0|0|0|0|0|0|0|0|0|0|0|0|0|0|0|0|0||0|0|19/12/2025||
06FIC0020R|4|DISCONTINUO|ALCARACES EDUCACIÓN INICIAL|06|COLIMA|06|COLIMA|005|CUAUHTÉMOC|0004|ALCARACES|CALLE AVENIDA MÉXICO|0|PÚBLICO|FEDERAL|0||0||0||0||0|||||0|0|0|0|0|0|0|0|0|0|0|0|0|0|0|0|0|0|0|0|0|0|0|0|0|0|0|0|0|0|0|1|0|1|0|0|0|0|0|0|0|1|2|3|0|0|0|0|0|0|0|2|2|4|0|0|0|0|0|0|0|0|4|0|0|0|0|0|0|1|1|1|2|3|1|0|1|0|0|0|2|3|5|0|0|0|0|0|0|0|0|0|0|0|0|0|0|0|0|0|0|0|0|0|0|0|0|0|0|0|0|0|0|0|0|0|0|0|0|0|0|0|0|4|0|1|0|1|1|0|0|0|0|0|0|0|0|1|NO ESPECIFICADO|0|1|10/12/2025||
06FIC0021Q|4|DISCONTINUO|ALZADA EDUCACIÓN INICIAL|06|COLIMA|06|COLIMA|005|CUAUHTÉMOC|0006|ALZADA|CALLE FRANCISCO I. MADERO|0|PÚBLICO|FEDERAL|0||0||0||0||0|||||0|0|0|0|0|0|0|0|0|0|0|0|1|1|0|0|0|0|0|0|0|4|0|4|0|0|0|0|0|0|0|1|1|2|0|0|0|0|0|0|0|1|2|3|0|0|0|0|0|0|0|6|4|10|0|0|0|0|0|0|0|0|10|0|0|0|0|0|0|3|3|3|0|3|2|1|3|0|0|0|5|4|9|0|0|0|0|0|0|0|0|0|0|0|0|0|0|0|0|0|0|0|0|0|0|0|0|0|0|0|0|0|0|0|0|0|0|0|0|0|0|0|0|9|0|0|0|1|1|0|0|0|0|0|0|0|0|1|NO ESPECIFICADO|0|1|10/12/2025||
06FIC0022P|4|DISCONTINUO|BUENA VISTA EDUCACIÓN INICIAL 1|06|COLIMA|06|COLIMA|005|CUAUHTÉMOC|0007|BUENAVISTA|CALLE LÁZARO CÁRDENAS|0|PÚBLICO|FEDERAL|0||0||0||0||0|||||0|0|0|0|0|0|0|0|0|0|0|1|0|1|0|0|0|0|0|0|0|1|1|2|0|0|0|0|0|0|0|0|1|1|0|0|0|0|0|0|0|0|2|2|0|0|0|0|0|0|0|2|4|6|0|0|0|0|0|0|0|0|6|0|0|1|0|1|1|1|2|1|1|2|0|1|1|0|0|0|3|3|6|0|0|0|0|0|0|0|0|0|0|0|0|0|0|0|0|0|0|0|0|0|0|0|0|0|0|0|0|0|0|0|0|0|0|0|0|0|0|0|0|6|0|0|0|1|1|0|0|0|0|0|0|0|0|1|NO ESPECIFICADO|0|1|10/12/2025||
06FIC0023O|4|DISCONTINUO|BUENA VISTA EDUCACIÓN INICIAL 2|06|COLIMA|06|COLIMA|005|CUAUHTÉMOC|0007|BUENAVISTA|CALLE LÁZARO CÁRDENAS|0|PÚBLICO|FEDERAL|0||0||0||0||0|||||0|0|0|0|0|0|0|0|0|0|0|0|2|2|0|0|0|0|0|0|0|0|1|1|0|0|0|0|0|0|0|2|0|2|0|0|0|0|0|0|0|0|1|1|0|0|0|0|0|0|0|2|4|6|0|0|0|0|0|0|0|1|4|0|1|0|2|2|0|2|2|1|2|3|3|1|4|0|0|0|4|7|11|0|0|0|0|0|0|0|0|0|0|0|0|0|0|0|0|0|0|0|0|0|0|0|0|0|0|0|0|0|0|0|0|0|0|0|0|0|0|0|0|10|0|1|0|1|1|0|0|0|0|0|0|0|0|1|NO ESPECIFICADO|0|1|10/12/2025||
06FIC0024N|4|DISCONTINUO|CAMOTLÁN DE MIRAFLORES GRUPO 1|06|COLIMA|06|COLIMA|007|MANZANILLO|0011|CAMOTLÁN DE MIRAFLORES|CALLE VENUSTIANO CARRANZA|0|PÚBLICO|FEDERAL|0||0||0||0||0|||||0|0|0|0|0|0|0|0|0|0|0|1|1|2|0|0|0|0|0|0|0|1|0|1|0|0|0|0|0|0|0|0|4|4|0|0|0|0|0|0|0|1|1|2|0|0|0|0|0|0|0|3|6|9|0|0|0|0|0|0|0|0|9|0|0|0|0|0|0|0|0|0|0|0|0|1|1|0|0|0|0|1|1|0|0|0|0|0|0|0|0|0|0|0|0|0|0|0|0|0|0|0|0|0|0|0|0|0|0|0|0|0|0|0|0|0|0|0|0|0|0|0|0|1|0|0|0|1|1|0|0|0|0|0|0|0|0|1|NO ESPECIFICADO|0|1|10/12/2025||
06FIC0025M|4|DISCONTINUO|CAMOTLÁN DE MIRAFLORES GRUPO 2|06|COLIMA|06|COLIMA|007|MANZANILLO|0011|CAMOTLÁN DE MIRAFLORES|CALLE VENUSTIANO CARRANZA|0|PÚBLICO|FEDERAL|0||0||0||0||0|||||0|1|0|1|0|0|0|0|0|0|0|2|0|2|0|0|0|0|0|0|0|1|1|2|0|0|0|0|0|0|0|5|1|6|0|0|0|0|0|0|0|2|0|2|0|0|0|0|0|0|0|11|2|13|0|0|0|0|0|0|0|0|10|0|3|1|1|2|2|0|2|5|1|6|2|0|2|0|0|0|10|2|12|0|0|0|0|0|0|0|0|0|0|0|0|0|0|0|0|0|0|0|0|0|0|0|0|0|0|0|0|0|0|0|0|0|0|0|0|0|0|0|0|11|0|1|0|1|1|0|0|0|0|0|0|0|0|1|NO ESPECIFICADO|0|1|10/12/2025||
06FIC0026L|4|DISCONTINUO|CHIAPA EDUCACIÓN INICIAL|06|COLIMA|06|COLIMA|005|CUAUHTÉMOC|0010|CHIAPA|CALLE EMILIANO ZAPATA|0|PÚBLICO|FEDERAL|0||0||0||0||0|||||0|0|0|0|0|0|0|0|0|0|0|0|0|0|0|0|0|0|0|0|0|1|0|1|0|0|0|0|0|0|0|1|0|1|0|0|0|0|0|0|0|0|0|0|0|0|0|0|0|0|0|2|0|2|0|0|0|0|0|0|0|0|1|0|1|0|0|0|1|2|3|1|2|3|0|1|1|0|0|0|2|5|7|0|0|0|0|0|0|0|0|0|0|0|0|0|0|0|0|0|0|0|0|0|0|0|0|0|0|0|0|0|0|0|0|0|0|0|0|0|0|0|1|6|0|0|0|1|1|0|0|0|0|0|0|0|0|1|NO ESPECIFICADO|0|1|10/12/2025||
06FIC0027K|4|DISCONTINUO|EL CHAVARÍN EDUCACIÓN INICIAL|06|COLIMA|06|COLIMA|007|MANZANILLO|0028|EL CHAVARÍN|NINGUNO CARRETERA MANZANILLO - CIHUATLÁN|0|PÚBLICO|FEDERAL|0||0||0||0||0|||||0|0|0|0|0|0|0|0|0|0|0|0|0|0|0|0|0|0|0|0|0|0|2|2|0|0|0|0|0|0|0|2|1|3|0|0|0|0|0|0|0|0|0|0|0|0|0|0|0|0|0|2|3|5|0|0|0|0|0|0|0|0|5|0|0|0|0|0|2|1|3|0|2|2|1|2|3|0|0|0|3|5|8|0|0|0|0|0|0|0|0|0|0|0|0|0|0|0|0|0|0|0|0|0|0|0|0|0|0|0|0|0|0|0|0|0|0|0|0|0|0|0|0|7|0|1|0|1|1|0|0|0|0|0|0|0|0|1|NO ESPECIFICADO|0|1|10/12/2025||
06FIC0028J|4|DISCONTINUO|EL GARCERO INICIAL|06|COLIMA|06|COLIMA|007|MANZANILLO|0391|EL GARCERO|NINGUNO CARRETERA LIBRE ARMERÍA-MANZANILLO|0|PÚBLICO|FEDERAL|0||0||0||0||0|||||0|0|0|0|0|0|0|0|0|0|0|0|0|0|0|0|0|0|0|0|0|2|1|3|0|0|0|0|0|0|0|0|2|2|0|0|0|0|0|0|0|1|0|1|0|0|0|0|0|0|0|3|3|6|0|0|0|0|0|0|0|0|5|0|1|0|0|0|1|1|2|2|2|4|0|1|1|0|0|0|3|4|7|0|0|0|0|0|0|0|0|0|0|0|0|0|0|0|0|0|0|0|0|0|0|0|0|0|0|0|0|0|0|0|0|0|0|0|0|0|0|0|0|6|0|1|0|1|1|0|0|0|0|0|0|0|0|1|NO ESPECIFICADO|0|1|10/12/2025||
06FIC0029I|4|DISCONTINUO|LA FLOREÑA EDUCACIÓN INICIAL|06|COLIMA|06|COLIMA|007|MANZANILLO|0049|LAS JUNTAS (LA FLOREÑA)|CALLE BENITO RINCÓN|0|PÚBLICO|FEDERAL|0||0||0||0||0|||||0|0|0|0|0|0|0|0|0|0|0|1|0|1|0|0|0|0|0|0|0|4|0|4|0|0|0|0|0|0|0|0|1|1|0|0|0|0|0|0|0|0|0|0|0|0|0|0|0|0|0|5|1|6|0|0|0|0|0|0|0|0|6|0|0|0|0|0|0|0|0|4|0|4|2|0|2|0|0|0|6|0|6|0|0|0|0|0|0|0|0|0|0|0|0|0|0|0|0|0|0|0|0|0|0|0|0|0|0|0|0|0|0|0|0|0|0|0|0|0|0|0|0|6|0|0|0|1|1|0|0|0|0|0|0|0|0|1|NO ESPECIFICADO|0|1|10/12/2025||
06FIC0030Y|4|DISCONTINUO|CONAFE EDUCACIÓN INICIAL LAS JUNTAS (LA FLOREÑA) GRUPO 2|06|COLIMA|06|COLIMA|007|MANZANILLO|0049|LAS JUNTAS (LA FLOREÑA)|CALLE CÁNDIDO MELGOZA|0|PÚBLICO|FEDERAL|0||0||0||0||0|||||0|0|2|2|0|0|0|0|0|0|0|3|1|4|0|0|0|0|0|0|0|1|2|3|0|0|0|0|0|0|0|2|3|5|0|0|0|0|0|0|0|1|0|1|0|0|0|0|0|0|0|7|8|15|0|0|0|0|0|0|0|0|15|0|0|0|1|1|2|3|5|2|1|3|1|2|3|0|0|0|5|7|12|0|0|0|0|0|0|0|0|0|0|0|0|0|0|0|0|0|0|0|0|0|0|0|0|0|0|0|0|0|0|0|0|0|0|0|0|0|0|0|0|12|0|0|0|1|1|0|0|0|0|0|0|0|0|1|NO ESPECIFICADO|0|1|10/12/2025||
06FIC0031X|4|DISCONTINUO|NUEVO CUYUTLÁN EDUCACIÓN INICIAL|06|COLIMA|06|COLIMA|007|MANZANILLO|0130|NUEVO CUYUTLÁN|CALLE MANZANILLO|0|PÚBLICO|FEDERAL|0||0||0||0||0|||||0|0|0|0|0|0|0|0|0|0|0|1|0|1|0|0|0|0|0|0|0|1|1|2|0|0|0|0|0|0|0|1|2|3|0|0|0|0|0|0|0|1|0|1|0|0|0|0|0|0|0|4|3|7|0|0|0|0|0|0|0|0|7|0|0|1|1|2|2|0|2|2|3|5|2|5|7|0|0|0|7|9|16|0|0|0|0|0|0|0|0|0|0|0|0|0|0|0|0|0|0|0|0|0|0|0|0|0|0|0|0|0|0|0|0|0|0|0|0|0|0|0|0|15|0|1|0|1|1|0|0|0|0|0|0|0|0|1|NO ESPECIFICADO|0|1|10/12/2025||
06FIC0032W|4|DISCONTINUO|OCOTILLO EDUCACIÓN INICIAL|06|COLIMA|06|COLIMA|005|CUAUHTÉMOC|0014|OCOTILLO|CALLE FRANCISCO I. MADERO|0|PÚBLICO|FEDERAL|0||0||0||0||0|||||0|0|0|0|0|0|0|0|0|0|0|0|1|1|0|0|0|0|0|0|0|0|4|4|0|0|0|0|0|0|0|0|1|1|0|0|1|0|0|0|0|0|0|0|0|0|0|0|0|0|0|0|6|6|0|0|1|0|0|0|0|0|6|0|0|0|0|0|0|2|2|1|4|5|0|1|1|0|0|0|1|7|8|0|0|0|0|0|0|0|0|0|0|0|0|0|0|0|0|0|0|0|0|0|0|0|0|0|0|0|0|0|0|0|0|0|0|0|0|0|0|0|0|7|0|1|0|1|1|0|0|0|0|0|0|0|0|1|NO ESPECIFICADO|0|1|10/12/2025||
06FIC0033V|4|DISCONTINUO|PALMILLAS EDUCACIÓN INICIAL|06|COLIMA|06|COLIMA|005|CUAUHTÉMOC|0016|PALMILLAS|CALLE BENITO JUÁREZ|0|PÚBLICO|FEDERAL|0||0||0||0||0|||||0|0|0|0|0|0|0|0|0|0|0|0|0|0|0|0|0|0|0|0|0|1|2|3|0|0|0|0|0|0|0|1|0|1|0|0|0|0|0|0|0|0|1|1|0|0|0|0|0|0|0|2|3|5|0|0|0|0|0|0|0|0|5|0|0|0|0|0|0|0|0|2|2|4|1|1|2|0|0|0|3|3|6|0|0|0|0|0|0|0|0|0|0|0|0|0|0|0|0|0|0|0|0|0|0|0|0|0|0|0|0|0|0|0|0|0|0|0|0|0|0|0|0|6|0|0|0|1|1|0|0|0|0|0|0|0|0|1|NO ESPECIFICADO|0|1|10/12/2025||
06FIC0034U|4|DISCONTINUO|PATICAJO EDUCACIÓN INICIAL 1|06|COLIMA|06|COLIMA|008|MINATITLÁN|0048|PATICAJO|CALLE GUSTAVO VÁZQUEZ MONTES|0|PÚBLICO|FEDERAL|0||0||0||0||0|||||0|0|3|3|0|0|0|0|0|0|0|2|4|6|0|0|0|0|0|0|0|3|3|6|0|0|0|0|0|0|0|1|2|3|0|0|0|0|0|0|0|0|0|0|0|0|0|0|0|0|0|6|12|18|0|0|0|0|0|0|0|0|17|0|1|0|1|1|1|2|3|1|2|3|1|0|1|0|0|0|3|5|8|0|0|0|0|0|0|0|0|0|0|0|0|0|0|0|0|0|0|0|0|0|0|0|0|0|0|0|0|0|0|0|0|0|0|0|0|0|0|0|0|7|0|1|0|1|1|0|0|0|0|0|0|0|0|1|NO ESPECIFICADO|0|1|10/12/2025||
06FIC0035T|4|DISCONTINUO|PATICAJO EDUCACIÓN INICIAL 2|06|COLIMA|06|COLIMA|008|MINATITLÁN|0048|PATICAJO|CALLE GUSTAVO VÁZQUEZ MONTES|0|PÚBLICO|FEDERAL|0||0||0||0||0|||||0|0|1|1|0|0|0|0|0|0|0|0|1|1|0|0|0|0|0|0|0|1|3|4|0|0|0|0|0|0|0|1|1|2|0|0|0|0|0|0|0|1|2|3|0|0|0|0|0|0|0|3|8|11|0|0|0|0|0|0|0|0|9|0|2|1|1|2|0|1|1|1|3|4|1|2|3|0|0|0|3|7|10|0|0|0|0|0|0|0|0|0|0|0|0|0|0|0|0|0|0|0|0|0|0|0|0|0|0|0|0|0|0|0|0|0|0|0|0|0|0|0|0|7|0|3|0|1|1|0|0|0|0|0|0|0|0|1|NO ESPECIFICADO|0|1|10/12/2025||
06FIC0036S|4|DISCONTINUO|RÍO MARABASCO EDUCACIÓN INICIAL|06|COLIMA|06|COLIMA|007|MANZANILLO|0072|RÍO MARABASCO|AVENIDA FUNDADORES|0|PÚBLICO|FEDERAL|0||0||0||0||0|||||0|0|0|0|0|0|0|0|0|0|0|0|2|2|0|0|0|0|0|0|0|1|1|2|0|0|0|0|0|0|0|0|0|0|0|0|0|0|0|0|0|0|0|0|0|0|0|0|0|0|0|1|3|4|0|0|0|0|0|0|0|0|4|0|0|0|0|0|1|1|2|1|1|2|1|0|1|0|0|0|3|2|5|0|0|0|0|0|0|0|0|0|0|0|0|0|0|0|0|0|0|0|0|0|0|0|0|0|0|0|0|0|0|0|0|0|0|0|0|0|0|0|0|4|0|1|0|1|1|0|0|0|0|0|0|0|0|1|NO ESPECIFICADO|0|1|10/12/2025||
06FIC0037R|4|DISCONTINUO|SAN BUENAVENTURA EDUCACIÓN INICIAL|06|COLIMA|06|COLIMA|007|MANZANILLO|0077|SAN BUENAVENTURA|NINGUNO NINGUNO|0|PÚBLICO|FEDERAL|0||0||0||0||0|||||0|0|0|0|0|0|0|0|0|0|0|3|1|4|0|0|0|0|0|0|0|1|1|2|0|0|0|0|0|0|0|0|2|2|0|0|0|0|0|0|0|0|0|0|0|0|0|0|0|0|0|4|4|8|0|0|0|0|0|0|0|1|7|0|0|0|0|0|4|1|5|0|1|1|1|1|2|0|0|0|5|3|8|0|0|0|0|0|0|0|0|0|0|0|0|0|0|0|0|0|0|0|0|0|0|0|0|0|0|0|0|0|0|0|0|0|0|0|0|0|0|0|1|7|0|0|0|1|1|0|0|0|0|0|0|0|0|1|NO ESPECIFICADO|0|1|10/12/2025||
06FIC0038Q|4|DISCONTINUO|SANTA RITA EDUCACIÓN INICIAL|06|COLIMA|06|COLIMA|007|MANZANILLO|0083|SANTA RITA|NINGUNO NINGUNO|0|PÚBLICO|FEDERAL|0||0||0||0||0|||||4|1|0|1|0|0|0|0|0|0|0|2|0|2|0|0|0|0|0|0|0|2|0|2|0|0|0|0|0|0|0|1|0|1|0|0|0|0|0|0|0|0|0|0|0|0|0|0|0|0|0|6|0|6|0|0|0|0|0|0|0|0|6|0|0|0|0|0|0|0|0|0|0|0|0|0|0|0|0|0|0|0|0|0|0|0|0|0|0|0|0|0|0|0|0|0|0|0|0|0|0|0|0|0|0|0|0|0|0|0|0|0|0|0|0|0|0|0|0|0|0|0|0|0|0|0|0|0|0|0|0|0|0|0|0|0|0|0||0|0|10/12/2025||
06FIC0039P|4|DISCONTINUO|VENUSTIANO CARRANZA INICIAL|06|COLIMA|06|COLIMA|007|MANZANILLO|0094|VENUSTIANO CARRANZA (CUALATA)|CALLE GENERAL FRANCISCO VILLA|0|PÚBLICO|FEDERAL|0||0||0||0||0|||||0|0|0|0|0|0|0|0|0|0|0|0|1|1|0|0|0|0|0|0|0|1|1|2|0|0|0|0|0|0|0|4|5|9|0|0|1|0|0|0|0|0|0|0|0|0|0|0|0|0|0|5|7|12|0|0|1|0|0|0|0|0|11|0|1|0|0|0|2|0|2|2|4|6|5|3|8|0|0|0|9|7|16|0|0|0|0|0|0|0|0|0|0|0|0|0|0|0|0|0|0|0|0|0|0|0|0|0|0|0|0|0|0|0|0|0|0|0|0|0|0|0|0|16|0|0|0|1|1|0|0|0|0|0|0|0|0|1|NO ESPECIFICADO|0|1|10/12/2025||
06FIC0040E|4|DISCONTINUO|ACATITÁN EDUCACIÓN INICIAL|06|COLIMA|06|COLIMA|002|COLIMA|0049|ACATITÁN|NINGUNO NINGUNO|0|PÚBLICO|FEDERAL|0||0||0||0||0|||||0|2|0|2|0|0|0|0|0|0|0|1|1|2|0|0|0|0|0|0|0|2|1|3|0|0|0|0|0|0|0|0|0|0|0|0|0|0|0|0|0|0|0|0|0|0|0|0|0|0|0|5|2|7|0|0|0|0|0|0|0|1|6|0|1|0|1|1|3|0|3|1|2|3|0|0|0|0|0|0|4|3|7|0|0|0|0|0|0|0|0|0|0|0|0|0|0|0|0|0|0|0|0|0|0|0|0|0|0|0|0|0|0|0|0|0|0|0|0|0|0|0|0|6|0|1|0|1|1|0|0|0|0|0|0|0|0|1|NO ESPECIFICADO|0|1|10/12/2025||
06FIC0041D|4|DISCONTINUO|AGUA DULCE EDUCACIÓN INICIAL|06|COLIMA|06|COLIMA|010|VILLA DE ÁLVAREZ|0002|AGUA DULCE|NINGUNO NINGUNO|0|PÚBLICO|FEDERAL|0||0||0||0||0|||||0|0|1|1|0|0|0|0|0|0|0|2|0|2|0|0|0|0|0|0|0|0|1|1|0|0|0|0|0|0|0|1|0|1|0|0|0|0|0|0|0|0|0|0|0|0|0|0|0|0|0|3|2|5|0|0|0|0|0|0|0|0|5|0|0|2|2|4|2|1|3|1|0|1|0|0|0|0|0|0|5|3|8|0|0|0|0|0|0|0|0|0|0|0|0|0|0|0|0|0|0|0|0|0|0|0|0|0|0|0|0|0|0|0|0|0|0|0|0|0|0|0|0|7|0|1|0|1|1|0|0|0|0|0|0|0|0|1|NO ESPECIFICADO|0|1|10/12/2025||
06FIC0042C|4|DISCONTINUO|AGUA SALADA EDUCACIÓN INICIAL|06|COLIMA|06|COLIMA|008|MINATITLÁN|0003|AGUA SALADA|NINGUNO NINGUNO|0|PÚBLICO|FEDERAL|0||0||0||0||0|||||0|0|1|1|0|0|0|0|0|0|0|0|0|0|0|0|0|0|0|0|0|1|1|2|0|0|0|0|0|0|0|2|1|3|0|0|0|0|0|0|0|0|0|0|0|0|0|0|0|0|0|3|3|6|0|0|0|0|0|0|0|0|6|0|0|0|1|1|0|3|3|0|0|0|0|0|0|0|0|0|0|4|4|0|0|0|0|0|0|0|0|0|0|0|0|0|0|0|0|0|0|0|0|0|0|0|0|0|0|0|0|0|0|0|0|0|0|0|0|0|0|0|0|4|0|0|0|1|1|0|0|0|0|0|0|0|0|1|NO ESPECIFICADO|0|1|10/12/2025||
06FIC0043B|4|DISCONTINUO|AGUA ZARCA EDUCACIÓN INICIAL|06|COLIMA|06|COLIMA|004|COQUIMATLÁN|0002|AGUA ZARCA|NINGUNO NINGUNO|0|PÚBLICO|FEDERAL|0||0||0||0||0|||||0|0|0|0|0|0|0|0|0|0|0|0|1|1|0|0|0|0|0|0|0|2|2|4|0|0|0|0|0|0|0|1|0|1|0|0|0|0|0|0|0|0|1|1|0|0|0|0|0|0|0|3|4|7|0|0|0|0|0|0|0|0|7|0|0|0|0|0|0|1|1|0|2|2|2|0|2|0|0|0|2|3|5|0|0|0|0|0|0|0|0|0|0|0|0|0|0|0|0|0|0|0|0|0|0|0|0|0|0|0|0|0|0|0|0|0|0|0|0|0|0|0|0|5|0|0|0|1|1|0|0|0|0|0|0|0|0|1|NO ESPECIFICADO|0|1|10/12/2025||
06FIC0044A|4|DISCONTINUO|EL AMARRADERO EDUCACIÓN INICIAL|06|COLIMA|06|COLIMA|002|COLIMA|0195|EL AMARRADERO|NINGUNO NINGUNO|0|PÚBLICO|FEDERAL|0||0||0||0||0|||||0|0|0|0|0|0|0|0|0|0|0|0|1|1|0|0|0|0|0|0|0|1|5|6|0|0|0|0|0|0|0|2|0|2|0|0|0|0|0|0|0|0|0|0|0|0|0|0|0|0|0|3|6|9|0|0|0|0|0|0|0|0|8|0|1|0|0|0|0|2|2|1|2|3|0|0|0|0|0|0|1|4|5|0|0|0|0|0|0|0|0|0|0|0|0|0|0|0|0|0|0|0|0|0|0|0|0|0|0|0|0|0|0|0|0|0|0|0|0|0|0|0|0|4|0|1|0|1|1|0|0|0|0|0|0|0|0|1|NO ESPECIFICADO|0|1|10/12/2025||
06FIC0045Z|4|DISCONTINUO|AQUILES SERDÁN (TAMALA) EDUCACIÓN INICIAL|06|COLIMA|06|COLIMA|006|IXTLAHUACÁN|0006|AQUILES SERDÁN (TAMALA)|NINGUNO NINGUNO|0|PÚBLICO|FEDERAL|0||0||0||0||0|||||0|0|0|0|0|0|0|0|0|0|0|1|0|1|0|0|0|0|0|0|0|2|2|4|0|0|0|0|0|0|0|0|0|0|0|0|0|0|0|0|0|0|0|0|0|0|0|0|0|0|0|3|2|5|0|0|0|0|0|0|0|0|4|0|1|0|0|0|1|1|2|2|2|4|0|0|0|0|0|0|3|3|6|0|0|0|0|0|0|0|0|0|0|0|0|0|0|0|0|0|0|0|0|0|0|0|0|0|0|0|0|0|0|0|0|0|0|0|0|0|0|0|0|5|0|1|0|1|1|0|0|0|0|0|0|0|0|1|NO ESPECIFICADO|0|1|10/12/2025||
06FIC0046Z|4|DISCONTINUO|ARTURO NORIEGA EDUCACIÓN INICIAL|06|COLIMA|06|COLIMA|009|TECOMÁN|1017|ARTURO NORIEGA PIZANO|NINGUNO NINGUNO|0|PÚBLICO|FEDERAL|0||0||0||0||0|||||4|0|0|0|0|0|0|0|0|0|0|0|0|0|0|0|0|0|0|0|0|0|0|0|0|0|0|0|0|0|0|1|3|4|0|0|0|0|0|0|0|1|1|2|0|0|0|0|0|0|0|2|4|6|0|0|0|0|0|0|0|0|4|0|2|0|0|0|0|0|0|0|0|0|0|0|0|0|0|0|0|0|0|0|0|0|0|0|0|0|0|0|0|0|0|0|0|0|0|0|0|0|0|0|0|0|0|0|0|0|0|0|0|0|0|0|0|0|0|0|0|0|0|0|0|0|0|0|0|0|0|0|0|0|0|0|0|0||0|0|10/12/2025||
06FIC0047Y|4|DISCONTINUO|AUGUSTO GÓMEZ VILLANUEVA (COALATILLA) EDUCACIÓN INICIAL|06|COLIMA|06|COLIMA|001|ARMERÍA|0045|AUGUSTO GÓMEZ VILLANUEVA (COALATILLA)|NINGUNO NINGUNO|0|PÚBLICO|FEDERAL|0||0||0||0||0|||||4|0|0|0|0|0|0|0|0|0|0|0|0|0|0|0|0|0|0|0|0|0|0|0|0|0|0|0|0|0|0|1|1|2|0|0|0|0|0|0|0|0|0|0|0|0|0|0|0|0|0|1|1|2|0|0|0|0|0|0|0|0|1|0|1|0|0|0|0|0|0|0|0|0|0|0|0|0|0|0|0|0|0|0|0|0|0|0|0|0|0|0|0|0|0|0|0|0|0|0|0|0|0|0|0|0|0|0|0|0|0|0|0|0|0|0|0|0|0|0|0|0|0|0|0|0|0|0|0|0|0|0|0|0|0|0|0|0||0|0|10/12/2025||
06FIC0048X|4|DISCONTINUO|CERRO DE ORTEGA (LINDA VISTA) EDUCACIÓN INICIAL|06|COLIMA|06|COLIMA|009|TECOMÁN|0025|CERRO DE ORTEGA|NINGUNO NINGUNO|0|PÚBLICO|FEDERAL|0||0||0||0||0|||||0|0|0|0|0|0|0|0|0|0|0|0|1|1|0|0|0|0|0|0|0|1|1|2|0|0|0|0|0|0|0|4|3|7|0|0|0|0|0|0|0|1|3|4|0|0|0|0|0|0|0|6|8|14|0|0|0|0|0|0|0|0|12|0|2|0|1|1|2|2|4|8|2|10|0|0|0|0|0|0|10|5|15|0|0|0|0|0|0|0|0|0|0|0|0|0|0|0|0|0|0|0|0|0|0|0|0|0|0|0|0|0|0|0|0|0|0|0|0|0|0|0|2|13|0|0|0|1|1|0|0|0|0|0|0|0|0|1|NO ESPECIFICADO|0|1|10/12/2025||
06FIC0049W|4|DISCONTINUO|COFRADÍA DE HIDALGO (LAGUNA DE ALCUZAHUE) EDUCACIÓN INICIAL|06|COLIMA|06|COLIMA|009|TECOMÁN|0027|COFRADÍA DE HIDALGO (LAGUNA DE ALCUZAHUE)|NINGUNO NINGUNO|0|PÚBLICO|FEDERAL|0||0||0||0||0|||||0|1|0|1|0|0|0|0|0|0|0|2|0|2|0|0|0|0|0|0|0|2|2|4|0|0|0|0|0|0|0|2|0|2|0|0|0|0|0|0|0|0|0|0|0|0|0|0|0|0|0|7|2|9|0|0|0|0|0|0|0|0|8|0|1|1|0|1|3|0|3|0|1|1|1|0|1|0|0|0|5|1|6|0|0|0|0|0|0|0|0|0|0|0|0|0|0|0|0|0|0|0|0|0|0|0|0|0|0|0|0|0|0|0|0|0|0|0|0|0|0|0|0|6|0|0|0|1|1|0|0|0|0|0|0|0|0|1|NO ESPECIFICADO|0|1|10/12/2025||
06FIC0050L|4|DISCONTINUO|EL ALGODONAL EDUCACIÓN INICIAL|06|COLIMA|06|COLIMA|004|COQUIMATLÁN|0004|EL ALGODONAL|NINGUNO NINGUNO|0|PÚBLICO|FEDERAL|0||0||0||0||0|||||0|0|0|0|0|0|0|0|0|0|0|0|1|1|0|0|0|0|0|0|0|0|2|2|0|0|0|0|0|0|0|2|0|2|0|0|1|0|0|0|0|0|0|0|0|0|0|0|0|0|0|2|3|5|0|0|1|0|0|0|0|0|5|0|0|0|0|0|0|2|2|0|0|0|0|0|0|0|0|0|0|2|2|0|0|0|0|0|0|0|0|0|0|0|0|0|0|0|0|0|0|0|0|0|0|0|0|0|0|0|0|0|0|0|0|0|0|0|0|0|0|0|0|2|0|0|0|1|1|0|0|0|0|0|0|0|0|1|NO ESPECIFICADO|0|1|10/12/2025||
06FIC0051K|4|DISCONTINUO|EL BORDO EDUCACIÓN INICIAL|06|COLIMA|06|COLIMA|002|COLIMA|0058|EL BORDO|NINGUNO NINGUNO|0|PÚBLICO|FEDERAL|0||0||0||0||0|||||0|0|2|2|0|0|0|0|0|0|0|1|1|2|0|0|0|0|0|0|0|0|0|0|0|0|0|0|0|0|0|0|1|1|0|0|0|0|0|0|0|0|0|0|0|0|0|0|0|0|0|1|4|5|0|0|0|0|0|0|0|0|5|0|0|0|1|1|1|2|3|0|0|0|0|0|0|0|0|0|1|3|4|0|0|0|0|0|0|0|0|0|0|0|0|0|0|0|0|0|0|0|0|0|0|0|0|0|0|0|0|0|0|0|0|0|0|0|0|0|0|0|0|4|0|0|0|1|1|0|0|0|0|0|0|0|0|1|NO ESPECIFICADO|0|1|10/12/2025||
06FIC0052J|4|DISCONTINUO|EL CÓBANO EDUCACIÓN INICIAL|06|COLIMA|06|COLIMA|005|CUAUHTÉMOC|0009|EL CÓBANO|NINGUNO NINGUNO|0|PÚBLICO|FEDERAL|0||0||0||0||0|||||0|0|0|0|0|0|0|0|0|0|0|2|1|3|0|0|0|0|0|0|0|0|0|0|0|0|0|0|0|0|0|0|1|1|0|0|0|0|0|0|0|0|0|0|0|0|0|0|0|0|0|2|2|4|0|0|0|0|0|0|0|0|4|0|0|0|0|0|2|0|2|2|1|3|0|0|0|0|0|0|4|1|5|0|0|0|0|0|0|0|0|0|0|0|0|0|0|0|0|0|0|0|0|0|0|0|0|0|0|0|0|0|0|0|0|0|0|0|0|0|0|0|0|5|0|0|0|1|1|0|0|0|0|0|0|0|0|1|NO ESPECIFICADO|0|1|10/12/2025||
06FIC0053I|4|DISCONTINUO|EL NARANJAL EDUCACIÓN INICIAL|06|COLIMA|06|COLIMA|010|VILLA DE ÁLVAREZ|0024|EL NARANJAL|NINGUNO NINGUNO|0|PÚBLICO|FEDERAL|0||0||0||0||0|||||0|0|0|0|0|0|0|0|0|0|0|1|0|1|0|0|0|0|0|0|0|1|1|2|0|0|0|0|0|0|0|1|1|2|0|0|0|0|0|0|0|0|0|0|0|0|0|0|0|0|0|3|2|5|0|0|0|0|0|0|0|0|5|0|0|0|0|0|2|0|2|1|1|2|1|0|1|0|0|0|4|1|5|0|0|0|0|0|0|0|0|0|0|0|0|0|0|0|0|0|0|0|0|0|0|0|0|0|0|0|0|0|0|0|0|0|0|0|0|0|0|0|0|5|0|0|0|1|1|0|0|0|0|0|0|0|0|1|NO ESPECIFICADO|0|1|10/12/2025||
06FIC0054H|4|DISCONTINUO|CONAFE EDUCACIÓN INICIAL LA LIMA|06|COLIMA|06|COLIMA|010|VILLA DE ÁLVAREZ|0070|LA LIMA|NINGUNO NINGUNO|0|PÚBLICO|FEDERAL|0||0||0||0||0|||||0|0|0|0|0|0|0|0|0|0|0|0|1|1|0|0|0|0|0|0|0|0|2|2|0|0|0|0|0|0|0|0|0|0|0|0|0|0|0|0|0|0|0|0|0|0|0|0|0|0|0|0|3|3|0|0|0|0|0|0|0|0|3|0|0|0|0|0|1|2|3|2|2|4|0|0|0|0|0|0|3|4|7|0|0|0|0|0|0|0|0|0|0|0|0|0|0|0|0|0|0|0|0|0|0|0|0|0|0|0|0|0|0|0|0|0|0|0|0|0|0|0|0|6|0|1|0|1|1|0|0|0|0|0|0|0|0|1|NO ESPECIFICADO|0|1|10/12/2025||
06FIC0055G|4|DISCONTINUO|EL PLATANAR EDUCACIÓN INICIAL|06|COLIMA|06|COLIMA|008|MINATITLÁN|0113|EL PLATANAR|NINGUNO NINGUNO|0|PÚBLICO|FEDERAL|0||0||0||0||0|||||0|0|0|0|0|0|0|0|0|0|0|1|0|1|0|0|0|0|0|0|0|2|2|4|0|0|0|0|0|0|0|0|0|0|0|0|0|0|0|0|0|0|0|0|0|0|0|0|0|0|0|3|2|5|0|0|0|0|0|0|0|0|5|0|0|0|0|0|1|0|1|0|2|2|0|1|1|0|0|0|1|3|4|0|0|0|0|0|0|0|0|0|0|0|0|0|0|0|0|0|0|0|0|0|0|0|0|0|0|0|0|0|0|0|0|0|0|0|0|0|0|0|0|4|0|0|0|1|1|0|0|0|0|0|0|0|0|1|NO ESPECIFICADO|0|1|10/12/2025||
06FIC0056F|4|DISCONTINUO|EL POBLADO EDUCACIÓN INICIAL|06|COLIMA|06|COLIMA|004|COQUIMATLÁN|0019|EL POBLADO|NINGUNO NINGUNO|0|PÚBLICO|FEDERAL|0||0||0||0||0|||||4|0|0|0|0|0|0|0|0|0|0|0|0|0|0|0|0|0|0|0|0|1|1|2|0|0|0|0|0|0|0|0|1|1|0|0|0|0|0|0|0|0|0|0|0|0|0|0|0|0|0|1|2|3|0|0|0|0|0|0|0|0|3|0|0|0|0|0|0|0|0|0|0|0|0|0|0|0|0|0|0|0|0|0|0|0|0|0|0|0|0|0|0|0|0|0|0|0|0|0|0|0|0|0|0|0|0|0|0|0|0|0|0|0|0|0|0|0|0|0|0|0|0|0|0|0|0|0|0|0|0|0|0|0|0|0|0|0||0|0|10/12/2025||
06FIC0057E|4|DISCONTINUO|EL PUERTECITO EDUCACIÓN INICIAL|06|COLIMA|06|COLIMA|001|ARMERÍA|0034|EL PUERTECITO|NINGUNO NINGUNO|0|PÚBLICO|FEDERAL|0||0||0||0||0|||||0|1|0|1|0|0|0|0|0|0|0|1|1|2|0|0|0|0|0|0|0|1|0|1|0|0|0|0|0|0|0|0|2|2|0|0|0|0|0|0|0|0|0|0|0|0|0|0|0|0|0|3|3|6|0|0|0|0|0|0|0|0|6|0|0|1|1|2|0|0|0|0|2|2|0|0|0|0|0|0|1|3|4|0|0|0|0|0|0|0|0|0|0|0|0|0|0|0|0|0|0|0|0|0|0|0|0|0|0|0|0|0|0|0|0|0|0|0|0|0|0|0|0|4|0|0|0|1|1|0|0|0|0|0|0|0|0|1|NO ESPECIFICADO|0|1|10/12/2025||
06FIC0058D|4|DISCONTINUO|LOS COLOMOS EDUCACIÓN INICIAL|06|COLIMA|06|COLIMA|003|COMALA|0013|LOS COLOMOS|NINGUNO NINGUNO|0|PÚBLICO|FEDERAL|0||0||0||0||0|||||0|0|0|0|0|0|0|0|0|0|0|1|0|1|0|0|0|0|0|0|0|1|1|2|0|0|0|0|0|0|0|1|0|1|0|0|0|0|0|0|0|0|0|0|0|0|0|0|0|0|0|3|1|4|0|0|0|0|0|0|0|0|4|0|0|0|0|0|0|0|0|2|0|2|0|1|1|0|0|0|2|1|3|0|0|0|0|0|0|0|0|0|0|0|0|0|0|0|0|0|0|0|0|0|0|0|0|0|0|0|0|0|0|0|0|0|0|0|0|0|0|0|0|3|0|0|0|1|1|0|0|0|0|0|0|0|0|1|NO ESPECIFICADO|0|1|10/12/2025||
06FIC0059C|4|DISCONTINUO|EL SAUZ EDUCACIÓN INICIAL|06|COLIMA|06|COLIMA|008|MINATITLÁN|0036|EL SAUZ|NINGUNO NINGUNO|0|PÚBLICO|FEDERAL|0||0||0||0||0|||||0|0|1|1|0|0|0|0|0|0|0|0|1|1|0|0|0|0|0|0|0|0|0|0|0|0|0|0|0|0|0|0|2|2|0|0|0|0|0|0|0|0|1|1|0|0|0|0|0|0|0|0|5|5|0|0|0|0|0|0|0|0|5|0|0|1|2|3|0|1|1|0|0|0|0|1|1|0|1|1|1|5|6|0|0|0|0|0|0|0|0|0|0|0|0|0|0|0|0|0|0|0|0|0|0|0|0|0|0|0|0|0|0|0|0|0|0|0|0|0|0|0|0|6|0|0|0|1|1|0|0|0|0|0|0|0|0|1|NO ESPECIFICADO|0|1|10/12/2025||
06FIC0060S|4|DISCONTINUO|EL TRAPICHE EDUCACIÓN INICIAL|06|COLIMA|06|COLIMA|005|CUAUHTÉMOC|0023|EL TRAPICHE|CALLE BENITO JUÁREZ|0|PÚBLICO|FEDERAL|0||0||0||0||0|||||0|0|0|0|0|0|0|0|0|0|0|1|2|3|0|0|0|0|0|0|0|1|0|1|0|0|0|0|0|0|0|0|0|0|0|0|0|0|0|0|0|0|0|0|0|0|0|0|0|0|0|2|2|4|0|0|0|0|0|0|0|1|3|0|0|0|0|0|0|2|2|1|2|3|0|0|0|0|0|0|1|4|5|0|0|0|0|0|0|0|0|0|0|0|0|0|0|0|0|0|0|0|0|0|0|0|0|0|0|0|0|0|0|0|0|0|0|0|0|0|0|0|0|5|0|0|0|1|1|0|0|0|0|0|0|0|0|1|NO ESPECIFICADO|0|1|10/12/2025||
06FIC0061R|4|DISCONTINUO|JULUAPÁN EDUCACIÓN INICIAL|06|COLIMA|06|COLIMA|010|VILLA DE ÁLVAREZ|0015|JULUAPAN|NINGUNO NINGUNO|0|PÚBLICO|FEDERAL|0||0||0||0||0|||||0|0|0|0|0|0|0|0|0|0|0|3|0|3|0|0|0|0|0|0|0|1|3|4|0|0|0|0|0|0|0|1|2|3|0|0|1|0|0|0|0|0|0|0|0|0|0|0|0|0|0|5|5|10|0|0|1|0|0|0|0|0|10|0|0|0|0|0|6|1|7|0|2|2|0|0|0|0|0|0|6|3|9|0|0|0|0|0|0|0|0|0|0|0|0|0|0|0|0|0|0|0|0|0|0|0|0|0|0|0|0|0|0|0|0|0|0|0|0|0|0|0|0|9|0|0|0|1|1|0|0|0|0|0|0|0|0|1|NO ESPECIFICADO|0|1|10/12/2025||
06FIC0062Q|4|DISCONTINUO|LA COCONAL EDUCACIÓN INICIAL|06|COLIMA|06|COLIMA|008|MINATITLÁN|0044|LA COCONAL|NINGUNO NINGUNO|0|PÚBLICO|FEDERAL|0||0||0||0||0|||||0|0|0|0|0|0|0|0|0|0|0|1|1|2|0|0|0|0|0|0|0|0|1|1|0|0|0|0|0|0|0|2|1|3|0|0|0|0|0|0|0|0|1|1|0|0|0|0|0|0|0|3|4|7|0|0|0|0|0|0|0|1|4|0|2|0|0|0|0|1|1|1|1|2|2|0|2|0|1|1|3|3|6|0|0|0|0|0|0|0|0|0|0|0|0|0|0|0|0|0|0|0|0|0|0|0|0|0|0|0|0|0|0|0|0|0|0|0|0|0|0|0|1|3|0|2|0|1|1|0|0|0|0|0|0|0|0|1|NO ESPECIFICADO|0|1|10/12/2025||
06FIC0063P|4|DISCONTINUO|LA CUARTA EDUCACIÓN INICIAL|06|COLIMA|06|COLIMA|009|TECOMÁN|0037|LA CUARTA|CALLE LAGUNA DE CUYUTLÁN|0|PÚBLICO|FEDERAL|0||0||0||0||0|||||4|1|0|1|0|0|0|0|0|0|0|1|1|2|0|0|0|0|0|0|0|1|1|2|0|0|0|0|0|0|0|0|1|1|0|0|0|0|0|0|0|0|0|0|0|0|0|0|0|0|0|3|3|6|0|0|0|0|0|0|0|0|4|0|2|0|0|0|0|0|0|0|0|0|0|0|0|0|0|0|0|0|0|0|0|0|0|0|0|0|0|0|0|0|0|0|0|0|0|0|0|0|0|0|0|0|0|0|0|0|0|0|0|0|0|0|0|0|0|0|0|0|0|0|0|0|0|0|0|0|0|0|0|0|0|0|0|0||0|0|10/12/2025||
06FIC0064O|4|DISCONTINUO|LA LOMA EDUCACIÓN INICIAL|06|COLIMA|06|COLIMA|008|MINATITLÁN|0017|LA LOMA|AVENIDA IGNACIO ALLENDE|0|PÚBLICO|FEDERAL|0||0||0||0||0|||||0|0|0|0|0|0|0|0|0|0|0|1|3|4|0|0|0|0|0|0|0|0|1|1|0|0|0|0|0|0|0|4|0|4|0|0|1|0|0|0|0|0|0|0|0|0|0|0|0|0|0|5|4|9|0|0|1|0|0|0|0|0|9|0|0|0|0|0|0|3|3|1|1|2|0|0|0|0|0|0|1|4|5|0|0|0|0|0|0|0|0|0|0|0|0|0|0|0|0|0|0|0|0|0|0|0|0|0|0|0|0|0|0|0|0|0|0|0|0|0|0|0|0|5|0|0|0|1|1|0|0|0|0|0|0|0|0|1|NO ESPECIFICADO|0|1|10/12/2025||
06FIC0065N|4|DISCONTINUO|LA NOGALERA EDUCACIÓN INICIAL|06|COLIMA|06|COLIMA|003|COMALA|0057|LA NOGALERA|NINGUNO NINGUNO|0|PÚBLICO|FEDERAL|0||0||0||0||0|||||0|0|0|0|0|0|0|0|0|0|0|0|1|1|0|0|0|0|0|0|0|2|2|4|0|0|0|0|0|0|0|0|1|1|0|0|0|0|0|0|0|2|0|2|0|0|0|0|0|0|0|4|4|8|0|0|0|0|0|0|0|0|7|0|1|1|0|1|1|2|3|2|2|4|0|0|0|1|0|1|5|4|9|0|0|0|0|0|0|0|0|0|0|0|0|0|0|0|0|0|0|0|0|0|0|0|0|0|0|0|0|0|0|0|0|0|0|0|0|0|0|0|0|8|0|1|0|1|1|0|0|0|0|0|0|0|0|1|NO ESPECIFICADO|0|1|10/12/2025||
06FIC0066M|4|DISCONTINUO|LA PLAYA (PLAYITA) EDUCACIÓN INICIAL|06|COLIMA|06|COLIMA|008|MINATITLÁN|0027|LA PLAYA (LA PLAYITA)|NINGUNO NINGUNO|0|PÚBLICO|FEDERAL|0||0||0||0||0|||||0|0|0|0|0|0|0|0|0|0|0|3|0|3|0|0|0|0|0|0|0|1|3|4|0|0|0|0|0|0|0|0|2|2|0|0|0|0|0|0|0|1|0|1|0|0|0|0|0|0|0|5|5|10|0|0|0|0|0|0|0|0|10|0|0|0|0|0|1|0|1|0|2|2|0|1|1|0|0|0|1|3|4|0|0|0|0|0|0|0|0|0|0|0|0|0|0|0|0|0|0|0|0|0|0|0|0|0|0|0|0|0|0|0|0|0|0|0|0|0|0|0|0|4|0|0|0|1|1|0|0|0|0|0|0|0|0|1|NO ESPECIFICADO|0|1|10/12/2025||
06FIC0067L|4|DISCONTINUO|LA SIDRA EDUCACIÓN INICIAL|06|COLIMA|06|COLIMA|004|COQUIMATLÁN|0023|LA SIDRA|NINGUNO NINGUNO|0|PÚBLICO|FEDERAL|0||0||0||0||0|||||0|0|0|0|0|0|0|0|0|0|0|0|2|2|0|0|0|0|0|0|0|0|1|1|0|0|0|0|0|0|0|1|1|2|0|0|0|0|0|0|0|0|0|0|0|0|0|0|0|0|0|1|4|5|0|0|0|0|0|0|0|0|5|0|1|0|0|0|0|1|1|0|2|2|1|1|2|0|0|0|1|4|5|0|0|0|0|0|0|0|0|0|0|0|0|0|0|0|0|0|0|0|0|0|0|0|0|0|0|0|0|0|0|0|0|0|0|0|0|0|0|0|0|4|0|1|0|1|1|0|0|0|0|0|0|0|0|1|NO ESPECIFICADO|0|1|10/12/2025||
06FIC0068K|4|DISCONTINUO|LAS JOYITAS EDUCACIÓN INICIAL|06|COLIMA|06|COLIMA|010|VILLA DE ÁLVAREZ|0014|LAS JOYITAS|CALLE LOS PINOS|0|PÚBLICO|FEDERAL|0||0||0||0||0|||||0|1|0|1|0|0|0|0|0|0|0|2|0|2|0|0|0|0|0|0|0|2|1|3|0|0|0|0|0|0|0|0|0|0|0|0|0|0|0|0|0|0|0|0|0|0|0|0|0|0|0|5|1|6|0|0|0|0|0|0|0|0|6|0|0|1|0|1|3|0|3|1|0|1|0|0|0|0|0|0|5|0|5|0|0|0|0|0|0|0|0|0|0|0|0|0|0|0|0|0|0|0|0|0|0|0|0|0|0|0|0|0|0|0|0|0|0|0|0|0|0|0|0|5|0|0|0|1|1|0|0|0|0|0|0|0|0|1|NO ESPECIFICADO|0|1|10/12/2025||
06FIC0069J|4|DISCONTINUO|LAS PESADAS EDUCACIÓN INICIAL|06|COLIMA|06|COLIMA|008|MINATITLÁN|0075|LAS PESADAS|NINGUNO NINGUNO|0|PÚBLICO|FEDERAL|0||0||0||0||0|||||0|1|0|1|0|0|0|0|0|0|0|0|0|0|0|0|0|0|0|0|0|1|3|4|0|0|0|0|0|0|0|1|0|1|0|0|0|0|0|0|0|0|0|0|0|0|0|0|0|0|0|3|3|6|0|0|0|0|0|0|0|0|5|0|1|1|1|2|1|0|1|0|2|2|1|0|1|0|0|0|3|3|6|0|0|0|0|0|0|0|0|0|0|0|0|0|0|0|0|0|0|0|0|0|0|0|0|0|0|0|0|0|0|0|0|0|0|0|0|0|0|0|0|5|0|1|0|1|1|0|0|0|0|0|0|0|0|1|NO ESPECIFICADO|0|1|10/12/2025||
06FIC0070Z|4|DISCONTINUO|LAS TUNAS EDUCACIÓN INICIAL|06|COLIMA|06|COLIMA|002|COLIMA|0117|LAS TUNAS|NINGUNO NINGUNO|0|PÚBLICO|FEDERAL|0||0||0||0||0|||||0|0|0|0|0|0|0|0|0|0|0|1|0|1|0|0|0|0|0|0|0|1|0|1|0|0|0|0|0|0|0|2|1|3|0|0|0|0|0|0|0|0|0|0|0|0|0|0|0|0|0|4|1|5|0|0|0|0|0|0|0|1|5|0|0|1|0|1|2|0|2|2|0|2|0|0|0|0|0|0|5|0|5|0|0|0|0|0|0|0|0|0|0|0|0|0|0|0|0|0|0|0|0|0|0|0|0|0|0|0|0|0|0|0|0|0|0|0|0|0|0|0|0|5|0|0|0|1|1|0|0|0|0|0|0|0|0|1|NO ESPECIFICADO|0|1|10/12/2025||
06FIC0071Y|4|DISCONTINUO|LOS COLOMOS EDUCACIÓN INICIAL|06|COLIMA|06|COLIMA|003|COMALA|0032|EL REMUDADERO|NINGUNO NINGUNO|0|PÚBLICO|FEDERAL|0||0||0||0||0|||||0|1|0|1|0|0|0|0|0|0|0|0|0|0|0|0|0|0|0|0|0|2|2|4|0|0|0|0|0|0|0|1|0|1|0|0|0|0|0|0|0|0|0|0|0|0|0|0|0|0|0|4|2|6|0|0|0|0|0|0|0|0|6|0|0|0|1|1|1|0|1|2|2|4|0|0|0|0|0|0|3|3|6|0|0|0|0|0|0|0|0|0|0|0|0|0|0|0|0|0|0|0|0|0|0|0|0|0|0|0|0|0|0|0|0|0|0|0|0|0|0|0|0|6|0|0|0|1|1|0|0|0|0|0|0|0|0|1|NO ESPECIFICADO|0|1|10/12/2025||
06FIC0072X|4|DISCONTINUO|LOS LIMONES EDUCACIÓN INICIAL|06|COLIMA|06|COLIMA|004|COQUIMATLÁN|0016|LOS LIMONES|CALLE INDEPENDENCIA|0|PÚBLICO|FEDERAL|0||0||0||0||0|||||0|0|0|0|0|0|0|0|0|0|0|1|0|1|0|0|0|0|0|0|0|1|0|1|0|0|0|0|0|0|0|2|0|2|0|0|0|0|0|0|0|0|1|1|0|0|0|0|0|0|0|4|1|5|0|0|0|0|0|0|0|0|5|0|0|0|0|0|1|1|2|2|2|4|1|0|1|0|0|0|4|3|7|0|0|0|0|0|0|0|0|0|0|0|0|0|0|0|0|0|0|0|0|0|0|0|0|0|0|0|0|0|0|0|0|0|0|0|0|0|0|0|0|7|0|0|0|1|1|0|0|0|0|0|0|0|0|1|NO ESPECIFICADO|0|1|10/12/2025||
06FIC0073W|4|DISCONTINUO|LOS ORTICES EDUCACIÓN INICIAL|06|COLIMA|06|COLIMA|002|COLIMA|0092|LOS ORTICES|CALLE NIÑOS HÉROES|0|PÚBLICO|FEDERAL|0||0||0||0||0|||||0|1|0|1|0|0|0|0|0|0|0|0|2|2|0|0|0|0|0|0|0|1|0|1|0|0|0|0|0|0|0|0|0|0|0|0|0|0|0|0|0|0|0|0|0|0|0|0|0|0|0|2|2|4|0|0|0|0|0|0|0|1|3|0|0|1|1|2|1|1|2|0|1|1|0|0|0|0|0|0|2|3|5|0|0|0|0|0|0|0|0|0|0|0|0|0|0|0|0|0|0|0|0|0|0|0|0|0|0|0|0|0|0|0|0|0|0|0|0|0|0|0|1|4|0|0|0|1|1|0|0|0|0|0|0|0|0|1|NO ESPECIFICADO|0|1|10/12/2025||
06FIC0074V|4|DISCONTINUO|MONTITLÁN EDUCACIÓN INICIAL|06|COLIMA|06|COLIMA|005|CUAUHTÉMOC|0013|MONTITLÁN|NINGUNO NINGUNO|0|PÚBLICO|FEDERAL|0||0||0||0||0|||||4|0|0|0|0|0|0|0|0|0|0|1|1|2|0|0|0|0|0|0|0|2|0|2|0|0|0|0|0|0|0|2|1|3|0|0|0|0|0|0|0|0|0|0|0|0|0|0|0|0|0|5|2|7|0|0|0|0|0|0|0|0|7|0|0|0|0|0|0|0|0|0|0|0|0|0|0|0|0|0|0|0|0|0|0|0|0|0|0|0|0|0|0|0|0|0|0|0|0|0|0|0|0|0|0|0|0|0|0|0|0|0|0|0|0|0|0|0|0|0|0|0|0|0|0|0|0|0|0|0|0|0|0|0|0|0|0|0||0|0|10/12/2025||
06FIC0075U|4|DISCONTINUO|CONAFE EDUCACIÓN INICIAL PINTORES UNO|06|COLIMA|06|COLIMA|003|COMALA|0509|PINTORES|NINGUNO NINGUNO|0|PÚBLICO|FEDERAL|0||0||0||0||0|||||0|0|0|0|0|0|0|0|0|0|0|1|0|1|0|0|0|0|0|0|0|1|2|3|0|0|0|0|0|0|0|0|0|0|0|0|0|0|0|0|0|0|0|0|0|0|0|0|0|0|0|2|2|4|0|0|0|0|0|0|0|0|4|0|0|0|1|1|1|0|1|1|1|2|0|1|1|0|0|0|2|3|5|0|0|0|0|0|0|0|0|0|0|0|0|0|0|0|0|0|0|0|0|0|0|0|0|0|0|0|0|0|0|0|0|0|0|0|0|0|0|0|0|5|0|0|0|1|1|0|0|0|0|0|0|0|0|1|NO ESPECIFICADO|0|1|10/12/2025||
06FIC0076T|4|DISCONTINUO|PISCILA EDUCACIÓN INICIAL|06|COLIMA|06|COLIMA|002|COLIMA|0098|PISCILA|CALLE VENUSTIANO CARRANZA|0|PÚBLICO|FEDERAL|0||0||0||0||0|||||0|1|1|2|0|0|0|0|0|0|0|1|6|7|0|0|0|0|0|0|0|2|1|3|0|0|0|0|0|0|0|4|3|7|0|0|0|0|0|0|0|0|0|0|0|0|0|0|0|0|0|8|11|19|0|0|0|0|0|0|0|0|19|0|0|1|3|4|2|8|10|3|1|4|4|3|7|0|0|0|10|15|25|0|0|0|0|0|0|0|0|0|0|0|0|0|0|0|0|0|0|0|0|0|0|0|0|0|0|0|0|0|0|0|0|0|0|0|0|0|0|0|0|24|0|1|0|1|1|0|0|0|0|0|0|0|0|1|NO ESPECIFICADO|0|1|10/12/2025||
06FIC0077S|4|DISCONTINUO|PUERTA DE ÁNZAR EDUCACIÓN INICIAL GRUPO 2|06|COLIMA|06|COLIMA|002|COLIMA|0104|PUERTA DE ÁNZAR|NINGUNO NINGUNO|0|PÚBLICO|FEDERAL|0||0||0||0||0|||||0|0|0|0|0|0|0|0|0|0|0|0|2|2|0|0|0|0|0|0|0|1|1|2|0|0|0|0|0|0|0|3|0|3|0|0|0|0|0|0|0|0|0|0|0|0|0|0|0|0|0|4|3|7|0|0|0|0|0|0|0|0|7|0|0|1|0|1|1|2|3|1|1|2|0|0|0|0|0|0|3|3|6|0|0|0|0|0|0|0|0|0|0|0|0|0|0|0|0|0|0|0|0|0|0|0|0|0|0|0|0|0|0|0|0|0|0|0|0|0|0|0|0|6|0|0|0|1|1|0|0|0|0|0|0|0|0|1|NO ESPECIFICADO|0|1|10/12/2025||
06FIC0078R|4|DISCONTINUO|AGUA ZARCA EDUCACIÓN INICIAL|06|COLIMA|06|COLIMA|002|COLIMA|0104|PUERTA DE ÁNZAR|NINGUNO NINGUNO|0|PÚBLICO|FEDERAL|0||0||0||0||0|||||7|0|0|0|0|0|0|0|0|0|0|0|0|0|0|0|0|0|0|0|0|0|0|0|0|0|0|0|0|0|0|0|0|0|0|0|0|0|0|0|0|0|0|0|0|0|0|0|0|0|0|0|0|0|0|0|0|0|0|0|0|0|0|0|0|0|0|0|0|0|0|0|0|0|0|0|0|0|0|0|0|0|0|0|0|0|0|0|0|0|0|0|0|0|0|0|0|0|0|0|0|0|0|0|0|0|0|0|0|0|0|0|0|0|0|0|0|0|0|0|0|0|0|0|0|0|0|0|0|0|0|0|0|0|0|0|0|0||0|0|19/12/2025||
06FIC0079Q|4|DISCONTINUO|QUESERÍA EDUCACIÓN INICIAL|06|COLIMA|06|COLIMA|005|CUAUHTÉMOC|0018|QUESERÍA|CALLE CUAUHTÉMOC|0|PÚBLICO|FEDERAL|0||0||0||0||0|||||0|0|0|0|0|0|0|0|0|0|0|0|1|1|0|0|0|0|0|0|0|1|2|3|0|0|0|0|0|0|0|2|1|3|0|0|0|0|0|0|0|0|0|0|0|0|0|0|0|0|0|3|4|7|0|0|0|0|0|0|0|0|7|0|0|0|0|0|0|0|0|0|2|2|0|0|0|0|0|0|0|2|2|0|0|0|0|0|0|0|0|0|0|0|0|0|0|0|0|0|0|0|0|0|0|0|0|0|0|0|0|0|0|0|0|0|0|0|0|0|0|0|0|2|0|0|0|1|1|0|0|0|0|0|0|0|0|1|NO ESPECIFICADO|0|1|10/12/2025||
06FIC0080F|4|DISCONTINUO|SAN JOAQUÍN EDUCACIÓN INICIAL|06|COLIMA|06|COLIMA|005|CUAUHTÉMOC|0021|SAN JOAQUÍN|CALLE CEIBA|0|PÚBLICO|FEDERAL|0||0||0||0||0|||||0|0|0|0|0|0|0|0|0|0|0|4|0|4|0|0|0|0|0|0|0|0|1|1|0|0|0|0|0|0|0|0|0|0|0|0|0|0|0|0|0|0|0|0|0|0|0|0|0|0|0|4|1|5|0|0|0|0|0|0|0|0|4|0|1|0|1|1|2|0|2|1|0|1|0|0|0|0|0|0|3|1|4|0|0|0|0|0|0|0|0|0|0|0|0|0|0|0|0|0|0|0|0|0|0|0|0|0|0|0|0|0|0|0|0|0|0|0|0|0|0|0|0|4|0|0|0|1|1|0|0|0|0|0|0|0|0|1|NO ESPECIFICADO|0|1|10/12/2025||
06FIC0081E|4|DISCONTINUO|SAN MIGUEL OJO DE AGUA EDUCACIÓN INICIAL|06|COLIMA|06|COLIMA|009|TECOMÁN|0138|SAN MIGUEL DEL OJO DE AGUA|NINGUNO NINGUNO|0|PÚBLICO|FEDERAL|0||0||0||0||0|||||4|0|0|0|0|0|0|0|0|0|0|0|0|0|0|0|0|0|0|0|0|0|1|1|0|0|0|0|0|0|0|1|0|1|0|0|0|0|0|0|0|2|0|2|0|0|0|0|0|0|0|3|1|4|0|0|0|0|0|0|0|0|4|0|0|0|0|0|0|0|0|0|0|0|0|0|0|0|0|0|0|0|0|0|0|0|0|0|0|0|0|0|0|0|0|0|0|0|0|0|0|0|0|0|0|0|0|0|0|0|0|0|0|0|0|0|0|0|0|0|0|0|0|0|0|0|0|0|0|0|0|0|0|0|0|0|0|0||0|0|10/12/2025||
06FIC0082D|4|DISCONTINUO|ZINACAMITLÁN (LOS CHICOS) EDUCACIÓN INICIAL|06|COLIMA|06|COLIMA|006|IXTLAHUACÁN|0047|ZINACAMITLÁN (LOS CHICOS)|NINGUNO NINGUNO|0|PÚBLICO|FEDERAL|0||0||0||0||0|||||0|0|1|1|0|0|0|0|0|0|0|1|2|3|0|0|0|0|0|0|0|1|1|2|0|0|0|0|0|0|0|0|0|0|0|0|0|0|0|0|0|0|0|0|0|0|0|0|0|0|0|2|4|6|0|0|0|0|0|0|0|0|6|0|0|1|0|1|1|5|6|0|1|1|0|0|0|0|0|0|2|6|8|0|0|0|0|0|0|0|0|0|0|0|0|0|0|0|0|0|0|0|0|0|0|0|0|0|0|0|0|0|0|0|0|0|0|0|0|0|0|0|0|8|0|0|0|1|1|0|0|0|0|0|0|0|0|1|NO ESPECIFICADO|0|1|10/12/2025||
06FIC0083C|4|DISCONTINUO|ASERRADERO EDUCACIÓN INICIAL|06|COLIMA|06|COLIMA|007|MANZANILLO|0051|ASERRADERO DE LA LIMA|NINGUNO NINGUNO|0|PÚBLICO|FEDERAL|0||0||0||0||0|||||0|0|0|0|0|0|0|0|0|0|0|0|1|1|0|0|0|0|0|0|0|1|0|1|0|0|0|0|0|0|0|1|1|2|0|0|0|0|0|0|0|0|0|0|0|0|0|0|0|0|0|2|2|4|0|0|0|0|0|0|0|1|2|0|1|0|0|0|0|0|0|1|1|2|0|0|0|0|0|0|1|1|2|0|0|0|0|0|0|0|0|0|0|0|0|0|0|0|0|0|0|0|0|0|0|0|0|0|0|0|0|0|0|0|0|0|0|0|0|0|0|0|0|1|0|1|0|1|1|0|0|0|0|0|0|0|0|1|NO ESPECIFICADO|0|1|10/12/2025||
06FIC0084B|4|DISCONTINUO|CEDROS EDUCACIÓN INICIAL|06|COLIMA|06|COLIMA|007|MANZANILLO|0016|LOS CEDROS|NINGUNO NINGUNO|0|PÚBLICO|FEDERAL|0||0||0||0||0|||||0|0|0|0|0|0|0|0|0|0|0|0|0|0|0|0|0|0|0|0|0|2|0|2|0|0|0|0|0|0|0|1|0|1|0|0|0|0|0|0|0|0|1|1|0|0|0|0|0|0|0|3|1|4|0|0|0|0|0|0|0|0|4|0|0|0|0|0|0|1|1|2|1|3|1|0|1|0|0|0|3|2|5|0|0|0|0|0|0|0|0|0|0|0|0|0|0|0|0|0|0|0|0|0|0|0|0|0|0|0|0|0|0|0|0|0|0|0|0|0|0|0|0|5|0|0|0|1|1|0|0|0|0|0|0|0|0|1|NO ESPECIFICADO|0|1|10/12/2025||
06FIC0085A|4|DISCONTINUO|EL CENTINELA EDUCACIÓN INICIAL|06|COLIMA|06|COLIMA|007|MANZANILLO|0018|EL CENTINELA DE ABAJO|NINGUNO NINGUNO|0|PÚBLICO|FEDERAL|0||0||0||0||0|||||0|0|0|0|0|0|0|0|0|0|0|0|1|1|0|0|0|0|0|0|0|2|0|2|0|0|0|0|0|0|0|1|1|2|0|0|0|0|0|0|0|0|0|0|0|0|0|0|0|0|0|3|2|5|0|0|0|0|0|0|0|0|4|0|1|0|0|0|0|1|1|0|0|0|0|0|0|0|0|0|0|1|1|0|0|0|0|0|0|0|0|0|0|0|0|0|0|0|0|0|0|0|0|0|0|0|0|0|0|0|0|0|0|0|0|0|0|0|0|0|0|0|0|1|0|0|0|1|1|0|0|0|0|0|0|0|0|1|NO ESPECIFICADO|0|1|10/12/2025||
06FIC0086Z|4|DISCONTINUO|CHANDIABLO EDUCACIÓN INICIAL|06|COLIMA|06|COLIMA|007|MANZANILLO|0026|CHANDIABLO|NINGUNO NINGUNO|0|PÚBLICO|FEDERAL|0||0||0||0||0|||||0|1|1|2|0|0|0|0|0|0|0|0|0|0|0|0|0|0|0|0|0|3|4|7|0|0|0|0|0|0|0|1|0|1|0|0|1|0|0|0|0|0|0|0|0|0|0|0|0|0|0|5|5|10|0|0|1|0|0|0|0|0|10|0|0|0|0|0|1|1|2|3|1|4|1|0|1|0|0|0|5|2|7|0|0|0|0|0|0|0|0|0|0|0|0|0|0|0|0|0|0|0|0|0|0|0|0|0|0|0|0|0|0|0|0|0|0|0|0|0|0|0|0|7|0|0|0|1|1|0|0|0|0|0|0|0|0|1|NO ESPECIFICADO|0|1|10/12/2025||
06FIC0087Z|4|DISCONTINUO|EMILIANO ZAPATA EDUCACIÓN INICIAL|06|COLIMA|06|COLIMA|007|MANZANILLO|0033|EMILIANO ZAPATA|CALLE JUAN DÍAZ|0|PÚBLICO|FEDERAL|0||0||0||0||0|||||0|0|0|0|0|0|0|0|0|0|0|3|1|4|0|0|0|0|0|0|0|1|2|3|0|0|0|0|0|0|0|0|0|0|0|0|0|0|0|0|0|0|0|0|0|0|0|0|0|0|0|4|3|7|0|0|0|0|0|0|0|0|7|0|0|0|1|1|2|0|2|0|1|1|0|0|0|0|0|0|2|2|4|0|0|0|0|0|0|0|0|0|0|0|0|0|0|0|0|0|0|0|0|0|0|0|0|0|0|0|0|0|0|0|0|0|0|0|0|0|0|0|0|4|0|0|0|1|1|0|0|0|0|0|0|0|0|1|NO ESPECIFICADO|0|1|10/12/2025||
06FIC0088Y|4|DISCONTINUO|HUIZCOLOTE EDUCACIÓN INICIAL|06|COLIMA|06|COLIMA|007|MANZANILLO|0041|EL HUIZCOLOTE|NINGUNO NINGUNO|0|PÚBLICO|FEDERAL|0||0||0||0||0|||||7|0|0|0|0|0|0|0|0|0|0|0|0|0|0|0|0|0|0|0|0|0|0|0|0|0|0|0|0|0|0|0|0|0|0|0|0|0|0|0|0|0|0|0|0|0|0|0|0|0|0|0|0|0|0|0|0|0|0|0|0|0|0|0|0|0|0|0|0|0|0|0|0|0|0|0|0|0|0|0|0|0|0|0|0|0|0|0|0|0|0|0|0|0|0|0|0|0|0|0|0|0|0|0|0|0|0|0|0|0|0|0|0|0|0|0|0|0|0|0|0|0|0|0|0|0|0|0|0|0|0|0|0|0|0|0|0|0||0|0|19/12/2025||
06FIC0089X|4|DISCONTINUO|LLANO DE LA MARINA EDUCACIÓN INICIAL|06|COLIMA|06|COLIMA|007|MANZANILLO|0209|LLANO DE LA MARINA|NINGUNO NINGUNO|0|PÚBLICO|FEDERAL|0||0||0||0||0|||||0|0|0|0|0|0|0|0|0|0|0|0|2|2|0|0|0|0|0|0|0|2|1|3|0|0|0|0|0|0|0|0|0|0|0|0|0|0|0|0|0|0|0|0|0|0|0|0|0|0|0|2|3|5|0|0|0|0|0|0|0|0|5|0|0|0|0|0|0|3|3|1|1|2|0|0|0|0|0|0|1|4|5|0|0|0|0|0|0|0|0|0|0|0|0|0|0|0|0|0|0|0|0|0|0|0|0|0|0|0|0|0|0|0|0|0|0|0|0|0|0|0|0|5|0|0|0|1|1|0|0|0|0|0|0|0|0|1|NO ESPECIFICADO|0|1|10/12/2025||
06FIC0090M|4|DISCONTINUO|PUERTECITO DE LAJAS EDUCACIÓN INICIAL|06|COLIMA|06|COLIMA|007|MANZANILLO|0050|PUERTECITO DE LAJAS|NINGUNO NINGUNO|0|PÚBLICO|FEDERAL|0||0||0||0||0|||||0|0|0|0|0|0|0|0|0|0|0|1|1|2|0|0|0|0|0|0|0|1|0|1|0|0|0|0|0|0|0|1|2|3|0|0|0|0|0|0|0|0|2|2|0|0|0|0|0|0|0|3|5|8|0|0|0|0|0|0|0|0|6|0|2|0|0|0|1|1|2|1|0|1|1|2|3|0|0|0|3|3|6|0|0|0|0|0|0|0|0|0|0|0|0|0|0|0|0|0|0|0|0|0|0|0|0|0|0|0|0|0|0|0|0|0|0|0|0|0|0|0|0|4|0|2|0|1|1|0|0|0|0|0|0|0|0|1|NO ESPECIFICADO|0|1|10/12/2025||
06FIC0091L|4|DISCONTINUO|VELADERO DE CAMOTLÁN EDUCACIÓN INICIAL|06|COLIMA|06|COLIMA|007|MANZANILLO|0091|VELADERO DE CAMOTLÁN|NINGUNO NINGUNO|0|PÚBLICO|FEDERAL|0||0||0||0||0|||||0|1|0|1|0|0|0|0|0|0|0|4|1|5|0|0|0|0|0|0|0|2|0|2|0|0|0|0|0|0|0|1|3|4|0|0|1|0|0|0|0|0|0|0|0|0|0|0|0|0|0|8|4|12|0|0|1|0|0|0|0|0|10|0|2|1|0|1|4|0|4|2|0|2|0|1|1|0|0|0|7|1|8|0|0|0|0|0|0|0|0|0|0|0|0|0|0|0|0|0|0|0|0|0|0|0|0|0|0|0|0|0|0|0|0|0|0|0|0|0|0|0|0|6|0|2|0|1|1|0|0|0|0|0|0|0|0|1|NO ESPECIFICADO|0|1|10/12/2025||
06FIC0092K|4|DISCONTINUO|VELADERO DE LOS OTATES EDUCACIÓN INICIAL|06|COLIMA|06|COLIMA|007|MANZANILLO|0092|VELADERO DE LOS OTATES|NINGUNO NINGUNO|0|PÚBLICO|FEDERAL|0||0||0||0||0|||||0|0|0|0|0|0|0|0|0|0|0|0|1|1|0|0|0|0|0|0|0|1|0|1|0|0|0|0|0|0|0|1|1|2|0|0|0|0|0|0|0|0|0|0|0|0|0|0|0|0|0|2|2|4|0|0|0|0|0|0|0|0|3|1|0|0|0|0|0|1|1|0|0|0|0|0|0|0|0|0|0|1|1|0|0|0|0|0|0|0|0|0|0|0|0|0|0|0|0|0|0|0|0|0|0|0|0|0|0|0|0|0|0|0|0|0|0|0|0|0|0|0|0|1|0|0|0|1|1|0|0|0|0|0|0|0|0|1|NO ESPECIFICADO|0|1|10/12/2025||
06FIC0093J|4|DISCONTINUO|CUYUTLÁN EDUCACIÓN INICIAL|06|COLIMA|06|COLIMA|001|ARMERÍA|0009|CUYUTLÁN|CALLE MIGUEL HIDALGO|0|PÚBLICO|FEDERAL|0||0||0||0||0|||||0|0|0|0|0|0|0|0|0|0|0|0|1|1|0|0|0|0|0|0|0|0|1|1|0|0|0|0|0|0|0|2|0|2|0|0|0|0|0|0|0|0|0|0|0|0|0|0|0|0|0|2|2|4|0|0|0|0|0|0|0|0|4|0|0|0|0|0|0|1|1|0|0|0|2|1|3|0|0|0|2|2|4|0|0|0|0|0|0|0|0|0|0|0|0|0|0|0|0|0|0|0|0|0|0|0|0|0|0|0|0|0|0|0|0|0|0|0|0|0|0|0|0|4|0|0|0|1|1|0|0|0|0|0|0|0|0|1|NO ESPECIFICADO|0|1|10/12/2025||
06FIC0094I|4|DISCONTINUO|LA MAMEYERA|06|COLIMA|06|COLIMA|003|COMALA|0122|LA MAMEYERA|NINGUNO NINGUNO|0|PÚBLICO|FEDERAL|0||0||0||0||0|||||0|1|0|1|0|0|0|0|0|0|0|1|0|1|0|0|0|0|0|0|0|0|0|0|0|0|0|0|0|0|0|1|1|2|0|0|0|0|0|0|0|0|0|0|0|0|0|0|0|0|0|3|1|4|0|0|0|0|0|0|0|0|4|0|0|2|0|2|1|0|1|0|0|0|1|2|3|0|0|0|4|2|6|0|0|0|0|0|0|0|0|0|0|0|0|0|0|0|0|0|0|0|0|0|0|0|0|0|0|0|0|0|0|0|0|0|0|0|0|0|0|0|0|6|0|0|0|1|1|0|0|0|0|0|0|0|0|1|NO ESPECIFICADO|0|1|10/12/2025||
06FIC0095H|4|DISCONTINUO|FLOR DE COCO EDUCACIÓN INICIAL|06|COLIMA|06|COLIMA|001|ARMERÍA|0007|COFRADÍA DE JUÁREZ|CALLE OBRADORES|0|PÚBLICO|FEDERAL|0||0||0||0||0|||||0|0|0|0|0|0|0|0|0|0|0|0|2|2|0|0|0|0|0|0|0|1|2|3|0|0|0|0|0|0|0|2|2|4|0|0|0|0|0|0|0|1|0|1|0|0|0|0|0|0|0|4|6|10|0|0|0|0|0|0|0|0|10|0|0|1|0|1|0|0|0|1|1|2|0|0|0|0|0|0|2|1|3|0|0|0|0|0|0|0|0|0|0|0|0|0|0|0|0|0|0|0|0|0|0|0|0|0|0|0|0|0|0|0|0|0|0|0|0|0|0|0|0|3|0|0|0|1|1|0|0|0|0|0|0|0|0|1|NO ESPECIFICADO|0|1|10/12/2025||
06FIC0096G|4|DISCONTINUO|ZACUALPAN EDUCACIÓN INICIAL GRUPO 2|06|COLIMA|06|COLIMA|003|COMALA|0037|ZACUALPAN|CALLE PRIMAVERA|75|PÚBLICO|FEDERAL|0||0||0||0||0|||||0|0|0|0|0|0|0|0|0|0|0|0|2|2|0|0|0|0|0|0|0|1|4|5|0|0|0|0|0|0|0|2|0|2|0|0|0|0|0|0|0|2|2|4|0|0|0|0|0|0|0|5|8|13|0|0|0|0|0|0|0|0|11|0|2|1|1|2|2|1|3|1|5|6|2|0|2|0|0|0|6|7|13|0|0|0|0|0|0|0|0|0|0|0|0|0|0|0|0|0|0|0|0|0|0|0|0|0|0|0|0|0|0|0|0|0|0|0|0|0|0|0|0|11|0|2|0|1|1|0|0|0|0|0|0|0|0|1|NO ESPECIFICADO|0|1|10/12/2025||
06FIC0097F|4|DISCONTINUO|LOS REYES EDUCACIÓN INICIAL|06|COLIMA|06|COLIMA|001|ARMERÍA|0042|LOS REYES (ZORRILLOS)|CALLE BENITO RINCÓN|0|PÚBLICO|FEDERAL|0||0||0||0||0|||||0|1|1|2|0|0|0|0|0|0|0|2|5|7|0|0|0|0|0|0|0|2|0|2|0|0|0|0|0|0|0|3|0|3|0|0|0|0|0|0|0|0|0|0|0|0|0|0|0|0|0|8|6|14|0|0|0|0|0|0|0|0|14|0|0|1|1|2|2|5|7|2|0|2|0|0|0|0|0|0|5|6|11|0|0|0|0|0|0|0|0|0|0|0|0|0|0|0|0|0|0|0|0|0|0|0|0|0|0|0|0|0|0|0|0|0|0|0|0|0|0|0|0|11|0|0|0|1|1|0|0|0|0|0|0|0|0|1|NO ESPECIFICADO|0|1|10/12/2025||
06FIC0098E|4|DISCONTINUO|EL MIXCUATE EDUCACIÓN INICIAL|06|COLIMA|06|COLIMA|010|VILLA DE ÁLVAREZ|0022|EL MIXCUATE|NINGUNO NINGUNO|0|PÚBLICO|FEDERAL|0||0||0||0||0|||||0|1|0|1|0|0|0|0|0|0|0|1|1|2|0|0|0|0|0|0|0|1|0|1|0|0|0|0|0|0|0|1|2|3|0|0|0|0|0|0|0|0|0|0|0|0|0|0|0|0|0|4|3|7|0|0|0|0|0|0|0|1|6|0|0|1|0|1|1|0|1|0|1|1|2|1|3|0|0|0|4|2|6|0|0|0|0|0|0|0|0|0|0|0|0|0|0|0|0|0|0|0|0|0|0|0|0|0|0|0|0|0|0|0|0|0|0|0|0|0|0|0|1|5|0|0|0|1|1|0|0|0|0|0|0|0|0|1|NO ESPECIFICADO|0|1|10/12/2025||
06FIC0099D|4|DISCONTINUO|ZACUALPAN EDUCACION INICIAL GRUPO 3|06|COLIMA|06|COLIMA|003|COMALA|0037|ZACUALPAN|CALLE ROSA MORADA|0|PÚBLICO|FEDERAL|0||0||0||0||0|||||0|0|1|1|0|0|0|0|0|0|0|1|1|2|0|0|0|0|0|0|0|1|1|2|0|0|0|0|0|0|0|0|3|3|0|0|0|0|0|0|0|0|0|0|0|0|0|0|0|0|0|2|6|8|0|0|0|0|0|0|0|0|8|0|0|0|1|1|0|2|2|2|0|2|0|4|4|0|0|0|2|7|9|0|0|0|0|0|0|0|0|0|0|0|0|0|0|0|0|0|0|0|0|0|0|0|0|0|0|0|0|0|0|0|0|0|0|0|0|0|0|0|0|9|0|0|0|1|1|0|0|0|0|0|0|0|0|1|NO ESPECIFICADO|0|1|10/12/2025||
06FIC0100C|4|DISCONTINUO|EDUCACION INICIAL CONAFE AGUA DE LA VIRGEN|06|COLIMA|06|COLIMA|006|IXTLAHUACÁN|0003|AGUA DE LA VIRGEN|NINGUNO NINGUNO|0|PÚBLICO|FEDERAL|0||0||0||0||0|||||0|0|2|2|0|0|0|0|0|0|0|0|0|0|0|0|0|0|0|0|0|2|3|5|0|0|0|0|0|0|0|0|0|0|0|0|0|0|0|0|0|0|0|0|0|0|0|0|0|0|0|2|5|7|0|0|0|0|0|0|0|0|6|0|1|0|2|2|0|0|0|0|2|2|0|0|0|0|0|0|0|4|4|0|0|0|0|0|0|0|0|0|0|0|0|0|0|0|0|0|0|0|0|0|0|0|0|0|0|0|0|0|0|0|0|0|0|0|0|0|0|0|0|4|0|0|0|1|1|0|0|0|0|0|0|0|0|1|NO ESPECIFICADO|0|1|10/12/2025||
06FIC0101B|4|DISCONTINUO|EDUCACION INICIAL CONAFE EL COLOMO|06|COLIMA|06|COLIMA|004|COQUIMATLÁN|0007|EL COLOMO|NINGUNO NINGUNO|0|PÚBLICO|FEDERAL|0||0||0||0||0|||||7|0|0|0|0|0|0|0|0|0|0|0|0|0|0|0|0|0|0|0|0|0|0|0|0|0|0|0|0|0|0|0|0|0|0|0|0|0|0|0|0|0|0|0|0|0|0|0|0|0|0|0|0|0|0|0|0|0|0|0|0|0|0|0|0|0|0|0|0|0|0|0|0|0|0|0|0|0|0|0|0|0|0|0|0|0|0|0|0|0|0|0|0|0|0|0|0|0|0|0|0|0|0|0|0|0|0|0|0|0|0|0|0|0|0|0|0|0|0|0|0|0|0|0|0|0|0|0|0|0|0|0|0|0|0|0|0|0||0|0|19/12/2025||
06FIC0102A|4|DISCONTINUO|EDUCACIÓN INICIAL TRAPICHILLOS|06|COLIMA|06|COLIMA|002|COLIMA|0116|TRAPICHILLOS|CALLE NINGUNO|0|PÚBLICO|FEDERAL|0||0||0||0||0|||||7|0|0|0|0|0|0|0|0|0|0|0|0|0|0|0|0|0|0|0|0|0|0|0|0|0|0|0|0|0|0|0|0|0|0|0|0|0|0|0|0|0|0|0|0|0|0|0|0|0|0|0|0|0|0|0|0|0|0|0|0|0|0|0|0|0|0|0|0|0|0|0|0|0|0|0|0|0|0|0|0|0|0|0|0|0|0|0|0|0|0|0|0|0|0|0|0|0|0|0|0|0|0|0|0|0|0|0|0|0|0|0|0|0|0|0|0|0|0|0|0|0|0|0|0|0|0|0|0|0|0|0|0|0|0|0|0|0||0|0|19/12/2025||
06FIC0103Z|4|DISCONTINUO|CONAFE EDUCACIÓN INICIAL PUEBLO NUEVO|06|COLIMA|06|COLIMA|010|VILLA DE ÁLVAREZ|0037|PUEBLO NUEVO|CALLE LICENCIADO CARLOS SALINAS DE GORTARI|0|PÚBLICO|FEDERAL|0||0||0||0||0|||||10|0|0|0|0|0|0|0|0|0|0|0|0|0|0|0|0|0|0|0|0|0|0|0|0|0|0|0|0|0|0|0|0|0|0|0|0|0|0|0|0|0|0|0|0|0|0|0|0|0|0|0|0|0|0|0|0|0|0|0|0|0|0|0|0|0|3|3|0|0|0|0|1|1|0|1|1|0|0|0|0|5|5|0|0|0|0|0|0|0|0|0|0|0|0|0|0|0|0|0|0|0|0|0|0|0|0|0|0|0|0|0|0|0|0|0|0|0|0|0|0|0|0|5|0|0|0|1|1|0|0|0|0|0|0|0|0|1|NO ESPECIFICADO|0|1|10/12/2025||
06FIC0104Z|4|DISCONTINUO|CONAFE EDUCACIÓN INICIAL SAN ÁNGEL|06|COLIMA|06|COLIMA|009|TECOMÁN|0125|SAN ÁNGEL|NINGUNO NINGUNO|0|PÚBLICO|FEDERAL|0||0||0||0||0|||||7|0|0|0|0|0|0|0|0|0|0|0|0|0|0|0|0|0|0|0|0|0|0|0|0|0|0|0|0|0|0|0|0|0|0|0|0|0|0|0|0|0|0|0|0|0|0|0|0|0|0|0|0|0|0|0|0|0|0|0|0|0|0|0|0|0|0|0|0|0|0|0|0|0|0|0|0|0|0|0|0|0|0|0|0|0|0|0|0|0|0|0|0|0|0|0|0|0|0|0|0|0|0|0|0|0|0|0|0|0|0|0|0|0|0|0|0|0|0|0|0|0|0|0|0|0|0|0|0|0|0|0|0|0|0|0|0|0||0|0|19/12/2025||
06FIC0105Y|4|DISCONTINUO|CONAFE EDUCACIÓN INICIAL RINCÓN DE LÓPEZ|06|COLIMA|06|COLIMA|001|ARMERÍA|0035|RINCÓN DE LÓPEZ|CALLE JOSÉ MARÍA MORELOS|0|PÚBLICO|FEDERAL|0||0||0||0||0|||||7|0|0|0|0|0|0|0|0|0|0|0|0|0|0|0|0|0|0|0|0|0|0|0|0|0|0|0|0|0|0|0|0|0|0|0|0|0|0|0|0|0|0|0|0|0|0|0|0|0|0|0|0|0|0|0|0|0|0|0|0|0|0|0|0|0|0|0|0|0|0|0|0|0|0|0|0|0|0|0|0|0|0|0|0|0|0|0|0|0|0|0|0|0|0|0|0|0|0|0|0|0|0|0|0|0|0|0|0|0|0|0|0|0|0|0|0|0|0|0|0|0|0|0|0|0|0|0|0|0|0|0|0|0|0|0|0|0||0|0|13/01/2026||
06FIC0106X|4|DISCONTINUO|CONAFE EDUCACIÓN INICIAL TEPAMES|06|COLIMA|06|COLIMA|002|COLIMA|0109|LOS TEPAMES|CALLE HIDALGO|50|PÚBLICO|FEDERAL|0||0||0||0||0|||||10|0|0|0|0|0|0|0|0|0|0|0|0|0|0|0|0|0|0|0|0|0|0|0|0|0|0|0|0|0|0|0|0|0|0|0|0|0|0|0|0|0|0|0|0|0|0|0|0|0|0|0|0|0|0|0|0|0|0|0|0|0|0|0|0|1|2|3|2|2|4|3|0|3|0|0|0|0|0|0|6|4|10|0|0|0|0|0|0|0|0|0|0|0|0|0|0|0|0|0|0|0|0|0|0|0|0|0|0|0|0|0|0|0|0|0|0|0|0|0|0|0|0|10|0|0|0|1|1|0|0|0|0|0|0|0|0|1|NO ESPECIFICADO|0|1|10/12/2025||
06FIC0107W|4|DISCONTINUO|CONAFE EDUCACIÓN INICIAL SAN JOSÉ DE LUMBER(PIEDRA REDONDA)|06|COLIMA|06|COLIMA|007|MANZANILLO|0203|SAN JOSÉ DE LÚMBER (PIEDRA REDONDA)|NINGUNO NINGUNO|0|PÚBLICO|FEDERAL|0||0||0||0||0|||||10|0|0|0|0|0|0|0|0|0|0|0|0|0|0|0|0|0|0|0|0|0|0|0|0|0|0|0|0|0|0|0|0|0|0|0|0|0|0|0|0|0|0|0|0|0|0|0|0|0|0|0|0|0|0|0|0|0|0|0|0|0|0|0|0|0|1|1|2|1|3|0|0|0|1|1|2|0|0|0|3|3|6|0|0|0|0|0|0|0|0|0|0|0|0|0|0|0|0|0|0|0|0|0|0|0|0|0|0|0|0|0|0|0|0|0|0|0|0|0|0|0|0|6|0|0|0|1|1|0|0|0|0|0|0|0|0|1|NO ESPECIFICADO|0|1|10/12/2025||
06FIC0108V|4|DISCONTINUO|CONAFE EDUCACIÓN INICIAL TINAJAS|06|COLIMA|06|COLIMA|002|COLIMA|0112|TINAJAS|CALLE NINGUNO|0|PÚBLICO|FEDERAL|0||0||0||0||0|||||10|0|0|0|0|0|0|0|0|0|0|0|0|0|0|0|0|0|0|0|0|0|0|0|0|0|0|0|0|0|0|0|0|0|0|0|0|0|0|0|0|0|0|0|0|0|0|0|0|0|0|0|0|0|0|0|0|0|0|0|0|0|0|0|0|0|0|0|1|0|1|1|0|1|0|0|0|0|0|0|2|0|2|0|0|0|0|0|0|0|0|0|0|0|0|0|0|0|0|0|0|0|0|0|0|0|0|0|0|0|0|0|0|0|0|0|0|0|0|0|0|0|0|2|0|0|0|1|1|0|0|0|0|0|0|0|0|1|NO ESPECIFICADO|0|1|10/12/2025||
06FIC0109U|4|DISCONTINUO|CONAFE EDUCACIÓN INICIAL CHAMILA|06|COLIMA|06|COLIMA|006|IXTLAHUACÁN|0015|CHAMILA|NINGUNO NINGUNO|0|PÚBLICO|FEDERAL|0||0||0||0||0|||||10|0|0|0|0|0|0|0|0|0|0|0|0|0|0|0|0|0|0|0|0|0|0|0|0|0|0|0|0|0|0|0|0|0|0|0|0|0|0|0|0|0|0|0|0|0|0|0|0|0|0|0|0|0|0|0|0|0|0|0|0|0|0|0|0|1|0|1|0|1|1|0|0|0|0|0|0|0|0|0|1|1|2|0|0|0|0|0|0|0|0|0|0|0|0|0|0|0|0|0|0|0|0|0|0|0|0|0|0|0|0|0|0|0|0|0|0|0|0|0|0|0|0|2|0|0|0|1|1|0|0|0|0|0|0|0|0|1|NO ESPECIFICADO|0|1|10/12/2025||
06FIC0110J|4|DISCONTINUO|CONAFE EDUCACIÓN INICIAL EL ASTILLERO DE ABAJO|06|COLIMA|06|COLIMA|002|COLIMA|0055|EL ASTILLERO DE ABAJO|NINGUNO NINGUNO|0|PÚBLICO|FEDERAL|0||0||0||0||0|||||10|0|0|0|0|0|0|0|0|0|0|0|0|0|0|0|0|0|0|0|0|0|0|0|0|0|0|0|0|0|0|0|0|0|0|0|0|0|0|0|0|0|0|0|0|0|0|0|0|0|0|0|0|0|0|0|0|0|0|0|0|0|0|0|0|0|1|1|0|1|1|1|0|1|0|0|0|0|0|0|1|2|3|0|0|0|0|0|0|0|0|0|0|0|0|0|0|0|0|0|0|0|0|0|0|0|0|0|0|0|0|0|0|0|0|0|0|0|0|0|0|0|1|1|0|1|0|1|1|0|0|0|0|0|0|0|0|1|NO ESPECIFICADO|0|1|10/12/2025||
06FIC0111I|4|DISCONTINUO|CONAFE EDUCACIÓN INICIAL ANTONIO SALAZAR|06|COLIMA|06|COLIMA|009|TECOMÁN|0011|COLONIA BAYARDO|CALLE MIGUEL HIDALGO|0|PÚBLICO|FEDERAL|0||0||0||0||0|||||10|0|0|0|0|0|0|0|0|0|0|0|0|0|0|0|0|0|0|0|0|0|0|0|0|0|0|0|0|0|0|0|0|0|0|0|0|0|0|0|0|0|0|0|0|0|0|0|0|0|0|0|0|0|0|0|0|0|0|0|0|0|0|0|0|0|0|0|1|0|1|0|0|0|0|0|0|0|0|0|1|0|1|0|0|0|0|0|0|0|0|0|0|0|0|0|0|0|0|0|0|0|0|0|0|0|0|0|0|0|0|0|0|0|0|0|0|0|0|0|0|0|0|1|0|0|0|1|1|0|0|0|0|0|0|0|0|1|NO ESPECIFICADO|0|1|10/12/2025||
06FIC0112H|4|DISCONTINUO|CONAFE EDUCACIÓN INICIAL DON TOMAS|06|COLIMA|06|COLIMA|007|MANZANILLO|0032|DON TOMÁS|NINGUNO NINGUNO|0|PÚBLICO|FEDERAL|0||0||0||0||0|||||10|0|0|0|0|0|0|0|0|0|0|0|0|0|0|0|0|0|0|0|0|0|0|0|0|0|0|0|0|0|0|0|0|0|0|0|0|0|0|0|0|0|0|0|0|0|0|0|0|0|0|0|0|0|0|0|0|0|0|0|0|0|0|0|0|0|1|1|1|0|1|0|0|0|0|0|0|0|0|0|1|1|2|0|0|0|0|0|0|0|0|0|0|0|0|0|0|0|0|0|0|0|0|0|0|0|0|0|0|0|0|0|0|0|0|0|0|0|0|0|0|0|0|2|0|0|0|1|1|0|0|0|0|0|0|0|0|1|NO ESPECIFICADO|0|1|10/12/2025||
06FIC0113G|4|DISCONTINUO|CONAFE EDUCACIÓN INICIAL CANOAS|06|COLIMA|06|COLIMA|007|MANZANILLO|0013|CANOAS|CALLE NINGUNO|0|PÚBLICO|FEDERAL|0||0||0||0||0|||||7|0|0|0|0|0|0|0|0|0|0|0|0|0|0|0|0|0|0|0|0|0|0|0|0|0|0|0|0|0|0|0|0|0|0|0|0|0|0|0|0|0|0|0|0|0|0|0|0|0|0|0|0|0|0|0|0|0|0|0|0|0|0|0|0|0|0|0|0|0|0|0|0|0|0|0|0|0|0|0|0|0|0|0|0|0|0|0|0|0|0|0|0|0|0|0|0|0|0|0|0|0|0|0|0|0|0|0|0|0|0|0|0|0|0|0|0|0|0|0|0|0|0|0|0|0|0|0|0|0|0|0|0|0|0|0|0|0||0|0|19/12/2025||
06FIC0114F|4|DISCONTINUO|CONAFE EDUCACIÓN INICIAL LAS GOLONDRINAS|06|COLIMA|06|COLIMA|002|COLIMA|0076|LAS GOLONDRINAS|CALLE AQUILES SERDÁN|0|PÚBLICO|FEDERAL|0||0||0||0||0|||||10|0|0|0|0|0|0|0|0|0|0|0|0|0|0|0|0|0|0|0|0|0|0|0|0|0|0|0|0|0|0|0|0|0|0|0|0|0|0|0|0|0|0|0|0|0|0|0|0|0|0|0|0|0|0|0|0|0|0|0|0|0|0|0|0|0|0|0|1|1|2|0|0|0|0|0|0|0|0|0|1|1|2|0|0|0|0|0|0|0|0|0|0|0|0|0|0|0|0|0|0|0|0|0|0|0|0|0|0|0|0|0|0|0|0|0|0|0|0|0|0|0|0|2|0|0|0|1|1|0|0|0|0|0|0|0|0|1|NO ESPECIFICADO|0|1|10/12/2025||
06FIC0115E|4|DISCONTINUO|CONAFE EDUCACIÓN INICIAL LAS DOS ROSITAS|06|COLIMA|06|COLIMA|009|TECOMÁN|0122|LAS DOS ROSITAS|NINGUNO NINGUNO|0|PÚBLICO|FEDERAL|0||0||0||0||0|||||10|0|0|0|0|0|0|0|0|0|0|0|0|0|0|0|0|0|0|0|0|0|0|0|0|0|0|0|0|0|0|0|0|0|0|0|0|0|0|0|0|0|0|0|0|0|0|0|0|0|0|0|0|0|0|0|0|0|0|0|0|0|0|0|0|1|0|1|0|1|1|1|0|1|0|0|0|0|0|0|2|1|3|0|0|0|0|0|0|0|0|0|0|0|0|0|0|0|0|0|0|0|0|0|0|0|0|0|0|0|0|0|0|0|0|0|0|0|0|0|0|0|0|3|0|0|0|1|1|0|0|0|0|0|0|0|0|1|NO ESPECIFICADO|0|1|10/12/2025||
06FIC0116D|4|DISCONTINUO|CONAFE EDUCACIÓN INICIAL EL TERRERO|06|COLIMA|06|COLIMA|008|MINATITLÁN|0037|EL TERRERO|NINGUNO NINGUNO|0|PÚBLICO|FEDERAL|0||0||0||0||0|||||10|0|0|0|0|0|0|0|0|0|0|0|0|0|0|0|0|0|0|0|0|0|0|0|0|0|0|0|0|0|0|0|0|0|0|0|0|0|0|0|0|0|0|0|0|0|0|0|0|0|0|0|0|0|0|0|0|0|0|0|0|0|0|0|0|0|0|0|1|0|1|0|0|0|0|0|0|0|0|0|1|0|1|0|0|0|0|0|0|0|0|0|0|0|0|0|0|0|0|0|0|0|0|0|0|0|0|0|0|0|0|0|0|0|0|0|0|0|0|0|0|0|0|1|0|0|0|1|1|0|0|0|0|0|0|0|0|1|NO ESPECIFICADO|0|1|10/12/2025||
06FIC0117C|4|DISCONTINUO|CONAFE EDUCACIÓN INICIAL RANCHITOS|06|COLIMA|06|COLIMA|008|MINATITLÁN|0030|RANCHITOS|NINGUNO NINGUNO|0|PÚBLICO|FEDERAL|0||0||0||0||0|||||10|0|0|0|0|0|0|0|0|0|0|0|0|0|0|0|0|0|0|0|0|0|0|0|0|0|0|0|0|0|0|0|0|0|0|0|0|0|0|0|0|0|0|0|0|0|0|0|0|0|0|0|0|0|0|0|0|0|0|0|0|0|0|0|0|0|0|0|0|0|0|0|1|1|0|0|0|0|0|0|0|1|1|0|0|0|0|0|0|0|0|0|0|0|0|0|0|0|0|0|0|0|0|0|0|0|0|0|0|0|0|0|0|0|0|0|0|0|0|0|0|0|0|1|0|0|0|1|1|0|0|0|0|0|0|0|0|1|NO ESPECIFICADO|0|1|10/12/2025||
06FIC0118B|4|DISCONTINUO|CONAFE EDUCACIÓN INICIAL EL ALCOMÚN (LUIS ECHEVERRÍA ÁLVAREZ)|06|COLIMA|06|COLIMA|004|COQUIMATLÁN|0003|EL ALCOMÚN (LUIS ECHEVERRÍA ÁLVAREZ)|NINGUNO NINGUNO|0|PÚBLICO|FEDERAL|0||0||0||0||0|||||7|0|0|0|0|0|0|0|0|0|0|0|0|0|0|0|0|0|0|0|0|0|0|0|0|0|0|0|0|0|0|0|0|0|0|0|0|0|0|0|0|0|0|0|0|0|0|0|0|0|0|0|0|0|0|0|0|0|0|0|0|0|0|0|0|0|0|0|0|0|0|0|0|0|0|0|0|0|0|0|0|0|0|0|0|0|0|0|0|0|0|0|0|0|0|0|0|0|0|0|0|0|0|0|0|0|0|0|0|0|0|0|0|0|0|0|0|0|0|0|0|0|0|0|0|0|0|0|0|0|0|0|0|0|0|0|0|0||0|0|19/12/2025||
06FIC0119A|4|DISCONTINUO|CONAFE EDUCACIÓN INICIAL LAS TRANCAS|06|COLIMA|06|COLIMA|006|IXTLAHUACÁN|0043|LAS TRANCAS|NINGUNO NINGUNO|0|PÚBLICO|FEDERAL|0||0||0||0||0|||||10|0|0|0|0|0|0|0|0|0|0|0|0|0|0|0|0|0|0|0|0|0|0|0|0|0|0|0|0|0|0|0|0|0|0|0|0|0|0|0|0|0|0|0|0|0|0|0|0|0|0|0|0|0|0|0|0|0|0|0|0|0|0|0|0|0|0|0|0|2|2|1|0|1|0|0|0|0|0|0|1|2|3|0|0|0|0|0|0|0|0|0|0|0|0|0|0|0|0|0|0|0|0|0|0|0|0|0|0|0|0|0|0|0|0|0|0|0|0|0|0|0|0|3|0|0|0|1|1|0|0|0|0|0|0|0|0|1|NO ESPECIFICADO|0|1|10/12/2025||
06FIC0120Q|4|DISCONTINUO|CONAFE EDUCACIÓN INICIAL EL SAUCITO|06|COLIMA|06|COLIMA|009|TECOMÁN|0142|EL SAUCITO|CALLE VICENTE GUERRERO|0|PÚBLICO|FEDERAL|0||0||0||0||0|||||7|0|0|0|0|0|0|0|0|0|0|0|0|0|0|0|0|0|0|0|0|0|0|0|0|0|0|0|0|0|0|0|0|0|0|0|0|0|0|0|0|0|0|0|0|0|0|0|0|0|0|0|0|0|0|0|0|0|0|0|0|0|0|0|0|0|0|0|0|0|0|0|0|0|0|0|0|0|0|0|0|0|0|0|0|0|0|0|0|0|0|0|0|0|0|0|0|0|0|0|0|0|0|0|0|0|0|0|0|0|0|0|0|0|0|0|0|0|0|0|0|0|0|0|0|0|0|0|0|0|0|0|0|0|0|0|0|0||0|0|19/12/2025||
06FIC0121P|4|DISCONTINUO|CONAFE EDUCACIÓN INICIAL MADRID|06|COLIMA|06|COLIMA|009|TECOMÁN|0080|MADRID|CALLE ARGENTINA|0|PÚBLICO|FEDERAL|0||0||0||0||0|||||10|0|0|0|0|0|0|0|0|0|0|0|0|0|0|0|0|0|0|0|0|0|0|0|0|0|0|0|0|0|0|0|0|0|0|0|0|0|0|0|0|0|0|0|0|0|0|0|0|0|0|0|0|0|0|0|0|0|0|0|0|0|0|0|0|0|0|0|3|1|4|2|1|3|1|1|2|0|0|0|6|3|9|0|0|0|0|0|0|0|0|0|0|0|0|0|0|0|0|0|0|0|0|0|0|0|0|0|0|0|0|0|0|0|0|0|0|0|0|0|0|0|0|9|0|0|0|1|1|0|0|0|0|0|0|0|0|1|NO ESPECIFICADO|0|1|10/12/2025||
06FIC0122O|4|DISCONTINUO|CONAFE EDUCACIÓN INICIAL EL CAMICHÍN (VEINTISÉIS DE JULIO)|06|COLIMA|06|COLIMA|006|IXTLAHUACÁN|0008|EL CAMICHÍN (VEINTISÉIS DE JULIO)|NINGUNO NINGUNO|0|PÚBLICO|FEDERAL|0||0||0||0||0|||||7|0|0|0|0|0|0|0|0|0|0|0|0|0|0|0|0|0|0|0|0|0|0|0|0|0|0|0|0|0|0|0|0|0|0|0|0|0|0|0|0|0|0|0|0|0|0|0|0|0|0|0|0|0|0|0|0|0|0|0|0|0|0|0|0|0|0|0|0|0|0|0|0|0|0|0|0|0|0|0|0|0|0|0|0|0|0|0|0|0|0|0|0|0|0|0|0|0|0|0|0|0|0|0|0|0|0|0|0|0|0|0|0|0|0|0|0|0|0|0|0|0|0|0|0|0|0|0|0|0|0|0|0|0|0|0|0|0||0|0|19/12/2025||
06FIC0123N|4|DISCONTINUO|CONAFE EDUCACIÓN INICIAL CAMICHÍN|06|COLIMA|06|COLIMA|007|MANZANILLO|0010|CAMICHÍN|NINGUNO NINGUNO|0|PÚBLICO|FEDERAL|0||0||0||0||0|||||7|0|0|0|0|0|0|0|0|0|0|0|0|0|0|0|0|0|0|0|0|0|0|0|0|0|0|0|0|0|0|0|0|0|0|0|0|0|0|0|0|0|0|0|0|0|0|0|0|0|0|0|0|0|0|0|0|0|0|0|0|0|0|0|0|0|0|0|0|0|0|0|0|0|0|0|0|0|0|0|0|0|0|0|0|0|0|0|0|0|0|0|0|0|0|0|0|0|0|0|0|0|0|0|0|0|0|0|0|0|0|0|0|0|0|0|0|0|0|0|0|0|0|0|0|0|0|0|0|0|0|0|0|0|0|0|0|0||0|0|13/01/2026||
06FIC0124M|4|DISCONTINUO|CONAFE EDUCACIÓN INICIAL EL ASTILLERO DE ARRIBA|06|COLIMA|06|COLIMA|002|COLIMA|0056|EL ASTILLERO DE ARRIBA|NINGUNO NINGUNO|0|PÚBLICO|FEDERAL|0||0||0||0||0|||||10|0|0|0|0|0|0|0|0|0|0|0|0|0|0|0|0|0|0|0|0|0|0|0|0|0|0|0|0|0|0|0|0|0|0|0|0|0|0|0|0|0|0|0|0|0|0|0|0|0|0|0|0|0|0|0|0|0|0|0|0|0|0|0|0|1|0|1|1|0|1|4|0|4|0|0|0|0|0|0|6|0|6|0|0|0|0|0|0|0|0|0|0|0|0|0|0|0|0|0|0|0|0|0|0|0|0|0|0|0|0|0|0|0|0|0|0|0|0|0|0|0|1|5|0|0|0|1|1|0|0|0|0|0|0|0|0|1|NO ESPECIFICADO|0|1|10/12/2025||
06FIC0125L|4|DISCONTINUO|CONAFE EDUCACIÓN INICIAL COFRADÍA DE JUÁREZ|06|COLIMA|06|COLIMA|001|ARMERÍA|0007|COFRADÍA DE JUÁREZ|CALLE ALDAMA|0|PÚBLICO|FEDERAL|0||0||0||0||0|||||10|0|0|0|0|0|0|0|0|0|0|0|0|0|0|0|0|0|0|0|0|0|0|0|0|0|0|0|0|0|0|0|0|0|0|0|0|0|0|0|0|0|0|0|0|0|0|0|0|0|0|0|0|0|0|0|0|0|0|0|0|0|0|0|0|1|1|2|0|0|0|1|3|4|3|2|5|0|0|0|5|6|11|0|0|0|0|0|0|0|0|0|0|0|0|0|0|0|0|0|0|0|0|0|0|0|0|0|0|0|0|0|0|0|0|0|0|0|0|0|0|0|0|10|0|1|0|1|1|0|0|0|0|0|0|0|0|1|NO ESPECIFICADO|0|1|10/12/2025||
06FIC0126K|4|DISCONTINUO|CONAFE EDUCACIÓN INICIAL PERIQUILLO|06|COLIMA|06|COLIMA|001|ARMERÍA|0033|PERIQUILLO|AVENIDA ORQUIDEAS|0|PÚBLICO|FEDERAL|0||0||0||0||0|||||10|0|0|0|0|0|0|0|0|0|0|0|0|0|0|0|0|0|0|0|0|0|0|0|0|0|0|0|0|0|0|0|0|0|0|0|0|0|0|0|0|0|0|0|0|0|0|0|0|0|0|0|0|0|0|0|0|0|0|0|0|0|0|0|0|1|1|2|1|1|2|0|0|0|1|2|3|0|0|0|3|4|7|0|0|0|0|0|0|0|0|0|0|0|0|0|0|0|0|0|0|0|0|0|0|0|0|0|0|0|0|0|0|0|0|0|0|0|0|0|0|0|1|6|0|0|0|1|1|0|0|0|0|0|0|0|0|1|NO ESPECIFICADO|0|1|10/12/2025||
06FIC0127J|4|DISCONTINUO|CONAFE EDUCACIÓN INICIAL CIRUELITO DE LA MARINA|06|COLIMA|06|COLIMA|007|MANZANILLO|0115|CIRUELITO DE LA MARINA|NINGUNO NINGUNO|0|PÚBLICO|FEDERAL|0||0||0||0||0|||||7|0|0|0|0|0|0|0|0|0|0|0|0|0|0|0|0|0|0|0|0|0|0|0|0|0|0|0|0|0|0|0|0|0|0|0|0|0|0|0|0|0|0|0|0|0|0|0|0|0|0|0|0|0|0|0|0|0|0|0|0|0|0|0|0|0|0|0|0|0|0|0|0|0|0|0|0|0|0|0|0|0|0|0|0|0|0|0|0|0|0|0|0|0|0|0|0|0|0|0|0|0|0|0|0|0|0|0|0|0|0|0|0|0|0|0|0|0|0|0|0|0|0|0|0|0|0|0|0|0|0|0|0|0|0|0|0|0||0|0|19/12/2025||
06FIC0128I|4|DISCONTINUO|CONAFE EDUCACIÓN INICIAL PUNTA DE AGUA DE CAMOTLÁN|06|COLIMA|06|COLIMA|007|MANZANILLO|0070|PUNTA DE AGUA DE CAMOTLÁN|NINGUNO NINGUNO|0|PÚBLICO|FEDERAL|0||0||0||0||0|||||10|0|0|0|0|0|0|0|0|0|0|0|0|0|0|0|0|0|0|0|0|0|0|0|0|0|0|0|0|0|0|0|0|0|0|0|0|0|0|0|0|0|0|0|0|0|0|0|0|0|0|0|0|0|0|0|0|0|0|0|0|0|0|0|0|0|1|1|2|1|3|0|3|3|0|0|0|0|0|0|2|5|7|0|0|0|0|0|0|0|0|0|0|0|0|0|0|0|0|0|0|0|0|0|0|0|0|0|0|0|0|0|0|0|0|0|0|0|0|0|0|0|1|6|0|0|0|1|1|0|0|0|0|0|0|0|0|1|NO ESPECIFICADO|0|1|10/12/2025||
06FIC0129H|4|DISCONTINUO|CONAFE EDUCACIÓN INICIAL LOS PICACHOS|06|COLIMA|06|COLIMA|010|VILLA DE ÁLVAREZ|0035|LOS PICACHOS|NINGUNO NINGUNO|0|PÚBLICO|FEDERAL|0||0||0||0||0|||||10|0|0|0|0|0|0|0|0|0|0|0|0|0|0|0|0|0|0|0|0|0|0|0|0|0|0|0|0|0|0|0|0|0|0|0|0|0|0|0|0|0|0|0|0|0|0|0|0|0|0|0|0|0|0|0|0|0|0|0|0|0|0|0|0|0|0|0|0|0|0|0|1|1|0|0|0|0|0|0|0|1|1|0|0|0|0|0|0|0|0|0|0|0|0|0|0|0|0|0|0|0|0|0|0|0|0|0|0|0|0|0|0|0|0|0|0|0|0|0|0|0|0|1|0|0|0|1|1|0|0|0|0|0|0|0|0|1|NO ESPECIFICADO|0|1|10/12/2025||
06FIC0130X|4|DISCONTINUO|CONAFE EDUCACIÓN INICIAL PISCILA GRUPO 2|06|COLIMA|06|COLIMA|002|COLIMA|0098|PISCILA|CALLE VENUSTIANO CARRANZA|0|PÚBLICO|FEDERAL|0||0||0||0||0|||||10|0|0|0|0|0|0|0|0|0|0|0|0|0|0|0|0|0|0|0|0|0|0|0|0|0|0|0|0|0|0|0|0|0|0|0|0|0|0|0|0|0|0|0|0|0|0|0|0|0|0|0|0|0|0|0|0|0|0|0|0|0|0|0|0|0|1|1|3|2|5|0|1|1|0|0|0|0|0|0|3|4|7|0|0|0|0|0|0|0|0|0|0|0|0|0|0|0|0|0|0|0|0|0|0|0|0|0|0|0|0|0|0|0|0|0|0|0|0|0|0|0|0|7|0|0|0|1|1|0|0|0|0|0|0|0|0|1|NO ESPECIFICADO|0|1|10/12/2025||
06FIC0131W|4|DISCONTINUO|CONAFE EDUCACIÓN INICIAL ZACUALPAN GRUPO 4|06|COLIMA|06|COLIMA|003|COMALA|0037|ZACUALPAN|CALLE ROSA MORADA|0|PÚBLICO|FEDERAL|0||0||0||0||0|||||10|0|0|0|0|0|0|0|0|0|0|0|0|0|0|0|0|0|0|0|0|0|0|0|0|0|0|0|0|0|0|0|0|0|0|0|0|0|0|0|0|0|0|0|0|0|0|0|0|0|0|0|0|0|0|0|0|0|0|0|0|0|0|0|0|1|1|2|3|1|4|2|3|5|0|0|0|0|0|0|6|5|11|0|0|0|0|0|0|0|0|0|0|0|0|0|0|0|0|0|0|0|0|0|0|0|0|0|0|0|0|0|0|0|0|0|0|0|0|0|0|0|1|10|0|0|0|1|1|0|0|0|0|0|0|0|0|1|NO ESPECIFICADO|0|1|10/12/2025||
